4 64 110 26548 29 36 110 312 7 36
236 10659 36 18197 136 8 1013 9
7 236 19 78 21 13 5
2550 24 71 4626 14454 18 5350 21 8 442 9
846 9 1474 9 846 5
2565 48 25 180 26549 243 19 70 101 962 9
12 325 38325 38326 21 4444 71
1320 9056 24 514 5
96 84 8 673 31 13 91 96 5220
27 1082 8316 18 1532 21405 21 215
38327 7 8 38328 5 2737 9 11354 19 9
309 11 1090 379 8 21406
8 118 1533 9 28 6662 323 29 1257 21407 60
20 18 8 21408 112 67 535 19 172 9
7 113 21409 12 2523 38329 9
601 9 2716 777 5 42 9 10660 71 19 854 106
27 60 9 14 21410 241 15
476 110 4 93 4163 8 283 1205 2696 9 4 163
80 156 18 2108 9 8 7112 18198
384 20 1659 38330 118 5
8681
12 358 101 4445 18 8 7113 24 1116
314 38331 911 54 67 49 7 23 70
48 2236 6450 10 7970 11355 6
1076 9 10 1320 5
1082 1096 262 7 36 14455 167 4164 38332 5
18199 9 19 54 29 18200 43 38 15
21411 21 38333 5 167 104 40 9 1474 11356 6
6451 2445
148 8 147 2343 21 13 9 4 633 29 20 19 9
3021 476 8 38334 243 2717 21 795 309 251 9
4097 9 101 13171 40 420
4 1091 1572 9 285 22 1257 5
60 5942 172 18 121 567 9 356 21412 18201 9
38335 5
83 48 14 26550 243 9 83 2959 11 9542 951 5
356 4 66 156 161 1353 7 310 20 246 5
8 741 1751 8 3332 5
40 146 10 865 10053 7 11 275 71
13 71 4 721 19 29 5
20 22 9 385 12140 9 7 2866 8 49 5
98 10659 163 36 8317 18 38 5
4 854 547 184 101 11357 4531 12 26551 9
41 628 920 27 7 394 8 541
18 314 11 429 9 314 1602 130 14456 110 54
27 18 101 1068 24 13172 4 5351 153 71
2696 71 8 11358 12 8 14457 69
7 3333 1572 8 118 9 174 60 1082 1096 5
59 10054 9 5615 26552 5
20 22 9 10 9543 9
1082 38336 8 2523 26553 7 1532 215 9
9057 21 1964 12 664 162 2645 18 161 9 27
8 21413 320 23 178 1167 773 71
162 9058 9 130 9 120 13 33 9 29 2504 537 9 20 8
104 163 80 9 91 28 3731 1234 23 41 567 15
4 132 1011 1572 9 27 4 163 12141 10 1070 5
4 65 26554 243 148 11359 7 11360 680 265 71
4 132 228 1827 101 4627 5
101 3915 4 132 8318 47 43 10 2182 24 2483 9
18 48 18202 148 22 9 4371 9 118 9 4 1227 13 29 5
112 24 10 8682 71 394 22 195 21 6882 5
5943 21 3686 148 38337 2550 9
11 978 38338 5 40 4 84 315
1751 123 8 4165 18203
854 162 184 13 118 5
4 721 26555 71 10055 3582 1300
189 1082 7387 184 22 9 72 12 26556 5
8 69 12 18204 3732 21 7388 9 11 588 21
12 1523 683 111 18 314 11 10056 69 71
313 243 20 11 1777 21 16087 38339 71
12 3119 22 6273 12 18205 21 2210
12 4 18 56 9 5765 9 4532 16088 10 1828 24 795
28 1090 5 3334 2614 9 19 234 101 612 14 15
7 101 21414 11361 38340 9
2924 9 38341 5
34 8 860 4980 9 12 2737 11362 198 9
26557 9 4 5
249 208 71 27 4 439 70 121 9 2716 14458 9 49 11
1417 9 120 19 354 21 13173 71 12 25 2696 5
3120 42 1474 1579 18203 5
7 8 705 7389 71 167 28 4 132 1388 198 5
27 854 48 217 3794 21 4372 18 8 14459 36
94 19 4 65 41 7114 223 10 1907 9
29 38342 8 1475 21 121 18206 9
26558 71 19 78 22 9 38343 15
18 178 532 3197 96 5221 38344 2095 9
5222
1729 9 394 22 101 1070 71 4371 9 1384 101 567 9
12 8319 38345 12 640 1234
466 9 8 118 2524 126 9
13 16089 353 9 12 189 18207 29 8320 9
196 9 5766 38346 9
21415 96 29 111 28 5944 13 15
23 16090 121 5
1952 38347 5 4 23 3045 8 147
7 156 11 16091 21 8 38348 6
684 110 91 96 16092 5767 71 96 84 36 112
4097 9 4 132 2615 19 71 94 1331 11 299 9
12 780 153 26559 9 8 1096 466 167 8 2166
6451 7678
31 38 9 12 36 11 26560 9544 5
10 1320 9 28 133 18206 161 5
189 14 217 1729 15 60 24 8 1120 9 13174 15
342 41 171 223 25 325 1013 9
4 4627 243 161 9 4 721 161 9 12 84 4532
66 29 19 349 22 4 163 78 8 208
60 496 9 38349 15
361 19 22 659 15 28 659 119 38350 5
93 1342 1827 10 4444 71 196 38351 243 4 29
4098 1331 71 12 25 9 1474 9 4 132 12142 19 7 10 2716 5
104 84 96 14460 6 104 84 96 713 178 1000 6
10 612 14 14458 9 124 20 11 13175 5
4981 5 25 585 18208 71
148 10 13176 9 24 29 25 59 9 12 4 9545 101
8 6452 683 26 18 38352 200 9
198 43 247 7 7115 9 680 12 680 9
4 64 673 7116 10 3335 9 223 9 7 10 21416 9
41 9 41 71 21417 9
12 854 4 1124 15 466 120 19 128 10 541 9
38353 153 48 9 4 128 121 2737 71 27
8681
14461 9 26561 26562 5
70 186 2307 16093 18 178 311 9
23 38354 243 1331 9 12 29 11 201 9
7 2445 16094
33 401 7 1413 178 446 18 26563 15
1827 178 4627 243 1191 9 7 38355
14462 1572 110 11 38356 38357 9
1856 2504 12 38358 4533
8 1514 6663 18 8 1715 21 101 10661 9
1532 38359 5352 9 189 312 26564 5100 9
2716 24 3232 38360 9 12 9 7971 9 4 4628
23 38361 243 241 148 161 9 130 34 362
13177 12 781 9 38362 12 21418 26565 9
114 9 47 21 38363 9 21419 7 161 15
40 9 348 36 16095 9 28 7 10057 7679
11363 14 10058 9059 24 50 9
13 323 36 4 84 45 43 19 71 27 196 4 132 4884 9
10662 8 38364 26 332 38365 9
20 761 25 9 83 24 2382 71
18209 9 25 3046 24 11 4706 5 8 926 11364 207
27 4 84 605 119 7 21420 9
28 134 178 7680 172 29 8683 9 196
28 14 40 3687 5
189 6453 1082 184 11 26566 993 374
43 38 264 147 2960 7 1354 153 47 5
25 180 18 178 4534 4446 2283
4 93 2397 42 5 1647 14 13 28 217 26567 9
48 8 1890 1117 28 71
1827 10 275 15
21 847 5
14 83 41 6883 15
60 496 5467 4 167 8 442 15
98 9 60 24 8 1120 15
12 7681 1827 10 12143 38366 9
11 214 20 22 15 13 14 11 2840 214 420
38367 5 4 65 578 7 153 48 680 71 27 48 80
101 26568 8 38368 38369 8 3265 257 5 4
2011 18210 361 8 674 5
120 291 314 26569 110 14463 439 7 19 9
691 5101 603
12 18211 385 26570 5 64 217 2195
2565 255 1532 611 20 8 38370
10 5223 14 8321 5
7 8 1014 21 8684 12 5353 1385 5 80 1139
118 381 5
14 374 7 36 8 38371 21 8684 12 38372
12 196 4 133 13 172 7 394 119 5
41 283 223 4 2645 5
25 9 18 8 2551 5468 692 9 6664 9
38373 47 466 167 963 5 12 45 1246 43 247 5
683 2095 5
21421 247 5 2696 9 640 620 71 2696 9 10
4 49 38 111 9 96 84 1329 119 5
41 9 1082 7387 5
11 9060 26571 7 11 38374 926 9
83 1716 2167 8 147 9061 21 128
12 408 25 178 907 9 510 19 9
4792 243 121 26572 5 466 9 349 22 9 14464 9 349 22 9
18212 9 4 1257 7 19 9 12 19 9 1474 38375 9
98 9 231 9 19 45 7 31 19 78 29 60 71
60 436 18213 7 38 561 21 2990 15
618 22 101 18214 43 8 38376 581 9
8 38377 96 18202 29 9 8 38378 96 12144
189 14 1532 613 21422 15
10059 5 4 128 29 8 8685 21 1739 12 1220 9
41 3047 907 9 1026 9
38379 54 8 21423 13 4885 5
38380 153 9 130 1082 26573 5
186 214 12 196 11 2505 5
38381 9 66 21424 358 26 8 26574 21 147 16093 1845 15
43 680 130 1205 38382 6665 680 130 1205
2398 9 854 23 1814 12145 12 4 84 156 13 38383
2696 5
510 6882 6452 18 11 21425 13178
26575 20 10663 5 27 6274 9 12 26576 48 9
110 7 23 835 243 161 6274 5 236 38 2991
20 49 8 4297 18 10 1088 96 26577 9
13 3733 29 108 5 67 132 1097 161 7 217 652 9 420
14 38 452 2525 24 15 54 217 567 217 532 15
2565 221 11 4033 9 12 133 3860 29 94 178
2020 8 2506 67 132 38384 5768 9
323 1097 247 7 217 3198 71 120 38 163 456 9
7 310 8 26578 107 70 1255 18 5
130 28 130 186 429 28 38385 1234 5
2666 14 96 5
23 4 29 528 1572 104 4 33 38386 148 8 158
67 320 18215 110 67 31 184 8 177 5
4 65 562 7 8 4535 5
3159 9 420 356 18 8 38387 14 972 9 420 21 38
27 854 126 4097 161 15
13 70 8 14465 9 2666 14 11 26579 38388
5765 9 4 23 11 1211 21 101 3734 9
752 6 11 4629 15 18216 1206 9
4371 9 285 153 9 8322 71
206 163 26580 22 15
10 21426 9
13 84 23 1088 9 80 234 9 1088 84 23 1088 71
13179 12 206 96 5224 62 13179 5
7 4886 178 1309 4 163 23 114 118 6454 71
1380 4 4630 3232 10060 7 290 5
21 186 877 4 17 854 29 124 36
160 122 587 6 27 9 6666 9 575 28 4 65 122
4 33 11 208 71 48 133 29 31 5 11 6455 21 48
111 9 133 4 172 16096 358 47 21 453
59 6884 9 98 38389 1082 15
38390 9 12 104 363 38391 6 98 163 217
20 96 14 233 27 11 4373 1320 5
96 38392 178 7682 9 12 38393 1857 1760
2896 23 4 9 1583 9 10 523 14466 25 9
25 8 172 38394 9 10 1320 9 83 24 41 3022
130 457 38395 1532 38396 38397 5
234 9 10660 9 60 309 19 2896 38398 15
43 8 640 128 4 1612 7 659 5225 777 9
20 186 6667 7683
26581 38399 185 5 4 78 9 1474 9 67 10664 19 5
1082 21427 601 9 80 169 53 38400 9 466 167
13 14 178 732 9 10 1320 9 27 4 137 178 476 14
7117 18 462 71 28 8 7972
691 3369 7 21428 603 26582 22 339 10665 5
60 12146 21 208 14 96 15
1751 2925 13 22 7 234 4 4627 161 5
8 49 21 161 5 18217 1082 38 1155 15
12 350 120 80 93 3481 101 8686 5
21 28 4 854 23 321 364 7 1257 9
4 133 4 172 21429 9 1474 9 28 4 331 29 97
21 48 8 442 4 721 12 7 161 358
12 205 153
10 926 354 21 13 266 9 12 21 11 9060
12 67 54 38401 12 21430 21 231 9
28 246 26583 243 208 5
67 133 12147 8 1890 21 365 26584 9 28 2211
80 84 29 1630 7 234 19 38402 161 9
146 10 12148 156 8 26585 6
7 38 3629 9 1474 9 175 60 13180 101 2550 84 5
67 78 101 11365 71 1257 60 15
8 963 71 854 67 36 7973 15
45 7 9 129 9 19 149 7 22 9 12 19 234
2070 11 705 307 70 26586 167 792 9
556 9 60 11 561 172 38 6 307 26 8 578 9
7 2308 28 26 19 9 18 11 10061 18218 9
113 10062 835 27 8 26587 21 74 24 2212 9
19 28 84 36 686 14457 223 38403 9
16097 680 176 71 18 2867 9 96 24 26588 9
217 16098 854 36 2309 9 217 18219 216 9
18220 26 2772 9 43 11 9546 226 13 9 38404
27 9 20 10 84 9 10 84 14 101 59 84
1550 10 1156 1751 8 5354 1329 243 9
48 176 21 6101 9 1523 12 3630 5
29 2841 7 8 26589 21 8 2284 71 8
29 11 2081
126 2565 64 53 108 328 9 12 4 21431
345 1234 54 235 9 12 25 54 48 54 887 121 5
565 12 565 9 6102 9 126 86 112 5102 1395
20 4 132 29 822 1572 83 9 1751 83 9 1751 83 9
96 38405 62 29 1891 12 26590
101 385 640 1068 420
4982 15 98 25 15 2924 9 28 158 527 8 272 5
98 9 13181 4 989 290 12 333 1572 475 5
60 261 1082 38406 14 6668 1055 12149
21417 9 98 2896 15
110 3794 54 26591 20 63 21 403 9
4 31 11354 19 9
113 38407 28 4 437 320 403 9
2138 47 38408 13182 8 14467 5
8 215 21 18221 5
45 9 361 121 18 5
824 7 247 5
28 13 210 732 18 732 157 43 8 9547
12 25 178 18222 9 1827 38 10666 9
19 9 3048 175 3048 9 2667 175 2667 9 2156
8 2616 9 21 26592 5 5469 19 111 9 10 14468 71
110 5470 110 38409 9 1061 10063 118 8323
67 84 38410 8 10667 18 178 4034 5
7 310 8 11359 28 67 26593 71
14469 178 611 223 122 363 1422 9
26 11 10064 9 11 700 9 27 29 18 4298 5
134 67 2526 475 9 67 66 27 105 71 3972
38411 8 9548 71 345 178 13183 567 9
60 14 28 15
178 5468 7974 21 4793 38412
101 613 96 854 45 1246 43 22 5
7684 243 48 7 3266 5 466 9 8 378 66 3735
4 137 4 854 110 197 36 21432 43 11 26594 110 195 5
111 9 14 38 4447 18 8 4226 21 9549 24 1524 15
1120 21 118 1508 9 59 21433 9 4 11354 1572 6
1082 7387 23 74 5
10668 21 761 14 625 47 21 403 5 7 1638 14
12 8 1155 26595 1858 9
192 10669 101 364 15 21 38 10 4098
12 134 67 1342 365 18223 26 38 208 9
41 6669 9 926 71 4 26596 19 78 13 5
104 13184 14 10 4626 9 28 4 320 21431 7
12150 1365 7 19 5
67 766 8 171 422 21 217 9062 71
31 29 94 9 10660 5 4 65 870 71 38 14 10
8 3973 64 255 1572 38413 5
236 13 8318 13185 18 121 11366 21 3088 9
26568 323 19 36 6
38414 6 167 98 9 4 31 25 5
12 1532 6456 9 80 26597 1572 20 53 108
60 9 21434 29 16099 161 6
1082 38415 1532 4626 105 420 687 9 673 9 38416
365 14470 12 12151 23 25 38417 22 9
129 236 10 1828 24 1088 551 13 119 71
14471 20 1572 399 2070 29 8324 5
8 476 21 8322 9 21435 14
33 221 7 3583 24 962 9 28 96 2565 364 7
19 93 8325 8 26598 21 11 10670 9
12 8326 38418 20 161 5 96 323 413 9
21 6457 4536 12 21436 5 1476 9 1474 9
2696 9 10 4983 71 106 28 19 156 121 274 5
556 9 12152 6 8 7975 530 31 14472 9
26599 133 23 48 70 19 9 26599 9
7 38419 153 9 20 8 128 4 1612 7 13186 5
11 4792 9 356 4 262 11 7976 71
210 80 29 1697 9 4 163 687 43 2446 5
223 14473 6885 130 1752 420
111 9 4 132 714 19 4299 5
8687 9 1925 29 22 9
26600 122 3631 7 424 5769 71
12 1320 14474 43 161 12 1320 38420 71
98 9 80 393 34 963 9 1474 5
10661 9063 18 38421 9 23 122 88 27 18224 9
612 14 4984 5
2383
8 10065 795 21 5471 3582 1234 9
38422 4 1675 9 290 133 36 178 962 5
8 7973 939 21 1404 7 48 178 3049 71
1061 523 9 4707 21 26601 4298 9
14 38423 38424 7 2055 2897 9
234 1082 9 854 361 121 6102 5 167 25 96 21437 9
96 33 1272 20 28 71 134 376 12
4 320 29 307 7 23 9 27 9 18 332 18225 9
149 7390 9 59 26602 9 862 11 904 5
26 38425 2309 208 9 163 207 13 107 119
59 11367 5
129 9 705 10 1320 9 4 132 361 398 1729 160 9
126 33 11 10671 9 420
8 3089 38426 243 34 13 9 12 9 18 8 82 9
10672 26 8684 12 7118 6
1751 70 398 532 2224 26603 84 4 2327
4 23 307 243 26 6670 9 206 23 13187 8 171
4 93 29 36 25 10066 9 38427 9
13 6
91 96 38428 243 2095 1280 9 2011 12 18226 5
4 162 535 11 3736 25 924 9
1320 10067 9 8 609 67 23 794 420
38429 8 10667 18 178 4374 2166 5
18 11 18227 9 356 84 29 200 304 7685 5
38430 7 178 38431 6886 9
38 10673 38432 12 773 21 1417
26604 29 28 67 54 1492 7 3584 9
2418 9 19 78 9 13 10674 219 887 7 8
2565 3305 243 715 6671 5
13 7 28 311 71 134 38433 1234 93 36
112 24 3737 1515 6 104 1631 21438 10 1320 6
12 80 1515 64 41 364 7 38434 9
96 9 118 26605 1055 101 9550
4626 12 4 54 231 71 4 31 653
38435 243 9
4 133 31 118 223 28 9 120 118 172 21439 5
1082 1096 49 8 21440 9
66 9 43 178 2960 1992 12 26606 1116 9
19 106 13 16100 9 129 71 13 14 41 118 9
104 31 19 9 13186 15 466 9 11 2271 9 11 2271 6
12 6274 9 1828 9 20 4 757 29 1572 6
60 93 70 2108 5945 247 9 27
104 40 9 1068 6 60 309 28 38436 26 15
70 424 1730 38437 9 13188 9 12 523 466 167 8 16101 9
8 5226 21 9064 14 9 91 13 38438
2738 1827 41 283 4631
20 38 2309 6103 4 132 36 1532 38439 9
10 7119 9 110 8 3585 9 323 667 4299
727 10675 11 2156 9 420
78 19 365 291 15
12 18228 3406 365 26607 21441 991 5
12153 9 1077 1532 1404 5
157 129 170 91 13 33 343 5 27 466 9 8 4165
27 69 2565 233 38440 243 345 2384 21 9065
8 4227 9 217 5770 854 5469 8 171
21442 243 2095 110 14475 7 8 926 38441 9
111 319 9 1320 12154 9
83 26 8 2213 9 43 178 532 1178 255 870 5
12 96 24 21443 21 26608 5 4 320 3199
18 60 1332 429 19 23 16102 243 10 381 9
644 9 70 8 1926 21 10 1977
29 906 8 69 21 50 5 13 7120 22 379 9
2418 9 1827 8 147 21444 21 4448
27 9066 1082 285 304 719 104 1532 612
21 972 5 4 94 9 120 101 8327 172 475 9
157 18 8 38442 38443 21 178 819 5
11368 9 1082 5771 1532 1828 108 4794 5
7686 9 5355 10 4099 6
4 132 78 178 26609 9 130 36 108 4375 5
7 38444 9 189 8 5772 14 3200 5
393 71 8 1299 5
342 8 1493 21 10 1632 28 24 475 9
120 332 38445 66 12155 18 1027 9
1082 7387 46 3445 9 134 1082 36 846 71
12 9 18 1532 288 16103 9 11369
4371 9 207 22 43 1572 9 59 705 14476 71
4 4376 10068 28 4 66 5772 43 6885 9
12 36 1532 962 420 120 186 36 25 514 420
466 1320 9 1474 9 236 22 312 9 130 236 22 106 10 795 6
60 6453 1082 31 9 1082 18229 9067 15
113 904 83 33 9 21445 223 18221 24 795 9
28 26610 7 21446 5227 9
10676 21447 15
28 356 14 40 11 2182 9 157 43 11 262
20 186 926 18 2600 5 120 126 210 226 1228
172 11 16104 38446 20 178 215 5
4 88 101 38447 48 476 24 3121 5
10676 38448 9 149 19 7 523 8 13189 15
339 8 3122 28 9 74 16105 85 9
8 302 12 705 12146 21 13 1908
74 28 41 26611 93 31 59 1827 5
4 167 8 13190 4 133 148 38449
28 24 59 53 71 27 60 437 423 101 38450 167
2666 14 1533 80 163 207 161 20 11 13191 5
14 29 11 26612 9 1474 9 11 13183 2156 15
3160 9 4 3688 13 9 12 13 232 10 732 5 466 9 8
8 3533 21 21448 12 1769 107 5
4 163 23 1858 41 686 5
19 172 7 1700 9 4 320 36 2961 43 19 9
21449 64
356 1333 67 132 2842 9 5772 112 1701 9
20 111 4 3861 28 4632 14 41 6887 5
19 757 21 178 7391 9 110 19 78
1331 242 18 101 7392 20 8 26613 21
53 2011 9 53 18230 9 12 13 10069 49 14477 5
12 25 13 14 71 4 808 60 13 38451 5
10 291 38452 71 60 11 4166 65 4 7 6458 13 6
466 14478 9 14479 1082 6104 34 38453 2896 9
1091 19 9 45 1097 19 7 8 5103 12
249 13192 9 561 7 1532 3123 396 9
112 683 28 356 7393 7 8 5104 9 162
1474 9 2096 19 71 60 24 101 84 15
10677 26614 9 4 84 944 1532 262 9
16106 9 439 233 457 1246 43 28 15
452 22 5 394 22 11 973 21 4887 71 4 65 11 10070 9 120 4
4 133 29 10 38454 500 3734
4 64 673 36 11 425 9 12 1925 8 1584 9
38455 4099 9 4 137 5
12 310 121 34 10 1221 339 6105 149 9
38456 12 14480 7394 1376
96 3632 2095 26615 7 247 48 5
1660 2992 71 19 854 106 10665 104 8 9544
403 6672 7 153 48 5 20 247 9 640 1729 9
7687 9 3974 4 12142 7 19 110 11 4165 297
2505 24 313 9 148 2344 9 10675 5
3199 19 3406 71 4 757 19 34 8 239
207 27 9062 21 121 43 11 1211 71
21 48 4300 26616 9 1797 14 385 38457 5
41 11358 64 96 7 38458 178 1234 9
889 365 12148 43 28 2309 14481 21 6882 9
48 365 111 26617 243 148 8 4226 21 38459
45 1082 7 14464 38460 9 4163 153 547
3586 819 6
13180 21 38461 5 2345 8 2739 21 38462 9 18231 9 12 332 3124
21 16107 6275 9 12 21 1648
6450 195 926 21 8688 71
956 167 466 6 167 12 13193 9 343 41 38463
12 219 2385 18 38464 9 363 9 12 38465 71
34 5773 21 28 9 26618 161 5
46 161 7 145 9 12 236 178 344 36 307 243 7 5
206 14 13 28 2565 445 20 38 8689 15
19 54 721 9 1474 71
31 19 78 21 13 15
36 26619 243 119 7 38466 9 129 96 6276
11 18232 26620 28 162 26621 243 226 5
13 14 38467 9 10059 6 575 22 5 167
113 338 2346 6106 28 19 575 29 5
10678 4299 8 2347 21450
3050 38468 24 38469 71 12 14 96 11 208 7
78 28 8 177 21 3584 9 20 3974 67 1157
19 54 1333 9 1474 71 10059 5
12 1492 22 18233 9 16108 9 356 4 97
4165 12 38470 7977 12156 6 178
2867 9 10 1320 9
4 94 8 3265 84 29 23 22 4795 9 10071 8
12 1234 23 170 332 609 5 1612 43 22 9
356 26622 2666 33 4 4301 9 179 9 120 4 456
80 23 48 139 1062 9 12 742 697 71 74 133 207 13 9
4 65 38471 21 38 1584 71 133 96 133 564 6
4 589 19 9 6275 1729 5 466 9 10 1320 9
4 589 19 5 104 146 21451 13186 15
2565 161 9 12 28 16109 5
20 356 9 8 385 690 3973 29 18234 628
2484 153 226 19 9 19 133 1432 153 107 9
27 1550 3862 1751 38472 439 7 22 5
38 14 8 2507 21 18235 5 12153 9 38473 9
25 505 21 9551 10072 33 8 69 6
111 9 1474 9 4 84 9 2737 9 4 84 9 1474 9 2896 71
1082 18217 2666 14 2840 9 48 28 1716 320 687 9
21 178 10679 7 22 5
93 29 6673 9 96 2565 221 41 26623 7978 9
12 28 14 3232 1082 8316 1422 7 247 5
120 60 1082 38474 1257 29 21 6883 5
475 9 274 9 12 38 178 4302 5 60 24 26 38 18236
111 9 38475 5
111 319 9 38476 6 1077 13 47 5 149 4299 9 9552 6
21 48 38477 9 67 62 106 153 10680
36 110 1082 26624 401 7 36 9
1055 3974 26625 1082 15 12 60 24 1532 13194 15
26626 557 8 18237 21 38 1538 9
236 13 10681 8 9064 21 101 4167
129 3051 38 12157 257 26627 24 792 9
356 9 47 21 403 12 38478 148 283 1234 9
28 18 101 1155 24 907 3587 101 12158 71
38 85 18238 7 3023 198 101 1068 71
307 9 60 4 84 29 9 28 4 93 29 31 5
284 126 33 18 121 2055 12 479 308 9
12 48 332 11370 12159 7 153 119
19 23 16110 243 9 10 1320 9 120 4 93 31 13
31 19 128 22 9 2716 15 41 15
1717 27 8 6674 164 7 8 565 71
466 38 3232 2081 21 5616 6 38 4302 7979 9 420
148 18239 66 365 5617 94 41 14460
38479 121 38480 2697 223 121 3975
4 84 285 19 9 2716 18240 9 12 4 84 34 8
732 9 21428 71 120 217 567 64 26628 9 112 80
12 2550 9 110 13 7393 119 7688 1964 9
2348 9 12 2617 12149 5
25 96 436 112 5
236 247 149 18 9 28 67 323 16111 161 626
691 3369 7 10682 603 8 26629 1828 40 2565 221
21 178 476 24 38481 38482 18 178 452 15
104 505 21 13195 66 96 1612 2095
10665 31 595 8 18241 5
13196 15 12 60 26630 15 10 1320 10683 9
11 38483 9 1751 457 41 5356 24 2056 9
12 349 22 9 4165 21452 9 2867 9 349 22 601 9
110 1377 5221 1313 26 26631 5
10 532 7980 12 1088 7 8690 6
126 18238 6450 178 38484 5
12 9 3916 9 8 3630 6 45 9 12 26632 121 5
162 7 137 119 5
8 1396 23 41 283 2328
189 38485 123 162 1211 8 2213 9
8 657 21 101 3267 7 8 322 21 178 732 9
8681
8 7113 14 38486 21 48 10 381 5
10 38487 14 11 26633 5
83 24 233 1718 18 217 6107 21453 9
19 23 59 7395 18 38488 5
18238 178 2815 9 12 2167 680 176
12 29 101 4708 9 101 2044 389 9 27 157
385 26634 5774 5 80 2139 332 38489 9
7113 9 1082 18217 8 1538 21 1525 14 314
38490 8 10684 24 819 9 206 86 29 124 178
10 7970 11355 9 40 18 38491 9
21 38 196 38492 2698 9 34 38 3976
96 323 376 118 223 67 216 1234 31 78 71
279 8 2993 10073 26 10 275 9
13197 8 5618 8328 21 128
206 361 243 22 10060 9 26562 9 12 6459
43 505 12 1395 1892 36 21454 243 9
60 436 126 7 10 452 15
257 11 13183 14482 71 59 69 7388 121 6
104 325 1633 5771 1082 9 10671 15 349 22 5
1353 178 262 136
26 1572 9 673 223 23 365 107 5
14 101 10685 5 38 14 9056 24 82 9
110 1082 1096 1267 243 13179 12 38493 7 9
67 84 404 13 9 4 1353 5
11 1384 13175 9 1474 5
691 7 4449 603 1077 9 9552 9 1612 19 365 4098 12160 9
98 31 19 156 247 128 101 13183 5350 9
12 7 8 2698 439 96 9 189 96 66
10 561 84 29 36 18242 43 10 6460 71
18 2718 42 10 1632 5
8 5228 9 27 4 65 7 1157 20 161 5
59 85 12 1333 9 547 34 537 9 7 345
1893 208 118 12161 223 8 4709 11366 21 11
4 133 101 3197 133 394 247 27 122 308
1310 26 10 275 5
41 1120 206 24 18200 91 19 54 241 71
6274 22 9 16112 12162 71
118 3305 12 118 26635 3052 223 246 9
4 133 4227 20 314 16113 5
206 1716 12 14483 27 234 1082 9066 29 111
28 67 323 1212 247 7 7388 13 5
66 19 26596 104 96 3407 34 178 9068 15
101 3197 9 28 96 310 178 9547 12 178 11359 71 120
356 124 1716 27 148 8 795 21 2867 9
2924 9 5765 9 13 14 2840 5
98 8316 1082 361 161 11 11356 15 60 24 178 8689 15
148 8 38494 21 38 38495 1520 9
3021 424 1211 9 133 2308 8 38496 24 2081
104 403 5221 14484 11 3732 18 11 208 6
21 60 14 7 2045 71 162 563
1257 11371 60 19 94 5
385 4373 11355 9
13 2565 18 18243 38497 114 21455
14485 14486
78 2896 353 4299 5
91 9066 1082 105 91 314 11 10668 33 221 15
96 4537 26636 28 5946 53 626 26636 9
38498 2504 1192 309 161 11 2505 9 8 728 38499
7689 8 13198 18244 21 8 442 9
12162 70 26637 84 4303 12162 71
18 38 264 18245 13 5221 18246
21 16114 12 21 10074 9 60 1647 1292
38500 9 12 424 21456 12 38501
120 19 3161 153 9 288 7 207 153 42 5
207 48 9 12 38502 13 9 13 323 4630 122 7981 5
12 2994 21 13 71 1091 19 9 198 5
38503 161 43 38504 9
27 19 23 38505 153 48 5
120 18247 21 3738 130 808 9 12163 101 1592 5
65 4 11 1320 15 12 23 4 314 11 926 15
25 249 12 942 110 38 5 466 6 466 6 2666 14 5353 6
10 38506 14 29 40 18 3332 9
59 2716 4984 9 36 16115 71 19 328 1331 53 108 5
12 2995 22 7 8 4304 43 1532 5223 9
60 129 9 1474 15
18 365 291 18248 781 6 80 54 110 6275
2418 38 2082 13199 21 178 4888 9
54 29 19 1188 9 91 48 8 3446 21 1964
25 8 3973 16116 1572 6
1856 5 2345 8 680 14485
60 14 8 1120 15
265 102 5105 156 1649 3162 148 363 5
38 854 36 528 217 5617 9 1320 38507 9
14 1909 243 8 38508 429 21 38 9553 71
12 196 53 59 7 36 101 38509 5
1333 9 1639 71 189 5771 1082 114 15
196 8687 436 96 33 18249 9
466 10 59 1320 6 705 16117 9 207 10 523 9
7121 43 8 14487 21 8 442 9
121 26638 71 12 112 9 148 38 9 14 101 613
8 177 18250 9 16118 9 4100 9 16119 9
4 65 1532 1299 9 12 1082 11 38510 10060 5
25 234 4 53 9 1474 5
104 43 11 38511 16093 13 33 510 243 9
9554 110 19 23 21457 1027 18 101 532 9 19
123 29 25 18251 5
171 2505 5
28 66 27 200 1572 9 21 11 2505 9 38512
7 26639 332 21458 9555 28 54 241 5
28 4632 24 795 9 10 629 3482 24 795 9
4710 5 8 6675 2045 332 1168 6
133 96 31 25 9 16120 6108 101 3917 6102 9
2081 21 38 208 14 178 996 5 1708 161 29 18
1082 854 2082 22 110 122 38513 7 161 71
178 38514 26640 9 178 38515 9 178 21459 9 110 120
4 132 128 41 297 9 21460 128 26641 314 8689 5
27 38516 20 1532 452 12 1532 9069 9
7 424 10686 13200 1619 5
466 14488 38517 6 13 33 8 819 21 1532
43 74 14489 589 19 167 325 6670 8319
26642 9 4 84 1257 21 161 9 12 236 10 2081
104 33 38 7116 243 15
2285 2990 33 26643 34 12 3200 11 38518
7 217 38519 7122 9 20 34 38 1267 9
18 11 385 2224 420
6450 8 38520 21 38521 1538 5
67 13175 40 9 94 19 15
261 8 16121 21 18252 9 385 6888
13201 121 71 126 3483
27 1117 96 805 28 96 1117 16117 24 5
75 113 21461 3406 9
33 96 29 112 15
98 9 96 64 846 5
7 962 20 3482 71 120 38 496 36 601 9
285 22 9 4302 9070 6 4165 26644 9 393 6
29 78 22 196 15
10 7970 14468 9 91 28 10 1828 1462 9
854 4 29 312 7 36 21462 26 121 15
11 216 38522 11372 14490
3974 163 67 1267 43 4632 9 174 11 1299 9
5221 96 62 4888 15
11373 34 362 9 10 1320 5
193 18253 24 2445 18 4538 2993 176 71
4633 71 120 101 128 31 29 10687 19 7 149 9
4300 18254 12 8 271 21 18255
28 24 29 26645 9
12 9 120 8 503 36 601 356 4 23 535 9
556 9 6277 9 307 189 797 16122 683 6
148 186 1500 21 9065 5
11 5357 9 41 21463 9 12 8329 161
104 659 8 16123 6276 7 3370 10 1385 6
12 398 9 27 13 7393 219 7396 43 22 5
13 93 29 36 4 167 8 792 9 20 14491 12 7397
148 101 38523 172 2140
13180 9 12 2699
21464 5 26646 5 2345 10075 654 38524
3021 14471 54 9 28 41 38525 854 36 1272
219 4711 71 178 9071 9 8691 9 21465 9
27 13 4889 22 111 374 9 26647 29 15
18 987 69 9 12 706 5
80 234 96 14 185 18 8 5947 21 38526 9 12
28 9 49 11 2011 12 10076 208 21 38527 9
148 8 1088 67 23 4035 729 9 148 8 14471
2666 14 69 7 523 5
11363 131 361 113 3371 7 1525
28 161 12 178 80 18 178 7398 1354 9
20 48 8 5106 18 5616 71 23 19 535 13 15
1234 394 49 3973 9 27 91 80 4532 12 21466 9
2924 9 12 38528 167 53 9 12 11 7687 2485 9
673 7 200 11 4165 3197 7 547 2237
7399 311 12 126 320 36 3050 53 5
12 22 80 205 43 345 21 26648 5
28 9 2666 33 11 38529 28 8 2668 989 5
4 38530 399 43 1572 21 6461 24 795 9
60 6462 21 8 2115 6 3484 21 1964 6
466 348 9 60 26649 44 8 2584 697 9
386 9 12 94 217 38531 18 3918 24 10688
12 28 34 10 10077 19 123 25 1157 42 5
54 38532 7 19 5
236 121 367 71 1257 29 21 18256 9
94 38 33 111 26650 6 4 1091 19 9 349
8 1001 21 314 11 1320 6676 48 7978 5
7388 186 314 9 26651 161 9 122 1082 8316 22 128 5
753 243 18 8 14492 18257 21 121 11366 6
680 2057 1314 1234 9 21 2719 10078 12 6109 5
19 78 83 352 41 38533 34 8 5772 5
4 84 29 393 10068 20 48 8 676 9
98 9 120 13 224 19 9 207 13 20 101 6463 71
8 1299 178 1828 361 243 21449 9 420 16124 6
12 25 65 149 5467 7 106 8 442 5
10 1828 24 3863 18 1525 6 48 14 29 111 9
40 854 96 350 178 231 28 14493 243 161 5
8 5358 21 101 9556 9 12 184
59 11368 9 2566 1532 38534 3268 107 9
28 854 36 21467 18 178 38535 476
466 48 19 2461 21 2344 6 466 1964 6 60 457 15
8330 1317 9 10 1320 15
13202 9 13202 6 218 752 9 2214 6 13202 9 13202 6
66 4792 121 9 110 28 612 24 6107 732
2924 9 12 122 7981 53 71 547 8 21468 54 38536 5
3369 7 11374 12 4985
10 1156 12 10 1320 9 10 1320 12 1156 9
12 394 153 2773 9 990 12 26652
196 38537 1082 29 104 1082 16125 4986 243 5
242 7 734 1061 283 148 8 459 9
661 9 661 5
13 18232 243 48 8692 71 126 66 1310
13182 4626 24 1261 133 16126 23
21469 26653 178 4450
234 29 38538 5 167
28 1257 161 505 21 3197 5
129 46 101 1156 24 11370 9 7 31 153 59 5
12 1533 9 49 11 2523 38539 1163 9
178 16127 4 84 4532 9 12 9 18258 1061 10689
38540 5 167
120 19 36 26654 9 67 129 163 106 8 2310
110 120 96 64 27 8693 122 4631 5
6889 178 38541 7 21470 9 25 28 10 21471 9
48 4034 14 4305 4034 9 12 1417 14 25 5
28 14 195 24 16100 2740 128 5
14 475 5
332 5775 172 12164 505 9 7 536 8 2717 9
38542 10079 12 193 4888 21 476
38543 18 161 28 21472 12 1109 4987 307
26655 9 1474 3090 9 26655 5
962 14 10 541 5
26656 71 96 2565 1334 130 16128 562 16129 24
12 12165 161 43 48 8 1096 4 23 9
10 59 11356 13203 9 40 1532 4447 14
26657 7 36 88 243 5 7 687 9 7 105 9
4 808 40 104 14494 692 5224
110 1866 110 7 8 4101 15 206 146 22 38 15
11 3269 226 795 71 466 9 104 323 4
4226 18259 9 1846 104 28 424 50
28 7400 161 18 178 921 5 41 26658 49 11 2505 9
27 9 466 9 13 21473 7 10 1977 9
26659 34 178 2716 28 5221 38544 161 26 5
28 60 80 31 2897 9 80 29 6673 5
2990 21 601 21474 12 1866 21475 5
7 156 11 38545 7 10 2081
101 1202 38546 5
163 36 358 257 8 38547 5 104 14 13 457 8
4 246 333 25 4165 5
59 21410 9 45 9 3629 38 1042 16109 5
4305 7 273 332 21476 5 2058 11 2271 71
60 84 19 31 9 59 38548 15 454 11 13204 9
27 120 4 349 104 365 291 66 38549 9
13 6890 111 9 38550 9 13 14 11 5948 4166 7
28 1082 18260 2419 8 38551 7 153 9
26660 206 26661 1532 2741 18261 582 9 167 420
4 162 118 84 454 122 11359 43 1572 5
98 9 83 19 1211 243 8 215 21 217 1709 71
1476 9 8 9557 578 9 18 3736 1188 9
7 13205 1572 70 10690 21 8 442 9
28 457 320 26662 112 5
10 231 12 8 171 20 10 16130 5
1091 1572 9 45 5107 161 9 12 667 161 7 10 4890 5
126 33 1494 26663 148 153 9 27 2645 243 29 71
4 78 41 3047 71
28 9558 24 11 9544 9 14 2666 29 1647 15
4 320 9072 19 18 113 1042
687 9 687 9 18199 9 12 1532 561 43 1572 9
7113 9 4 23 221 1532 541 5
2696 9 10 1320 5
5359 9 26563 9 18 6891 9 38552 9 18
394 42 101 1880 5
49 38553 34 21477 21478
149 9 10 1320 9 4 132 2349 19 7 101 4890 5
7 18262
4 285 178 4629 71 36 14495 18 38554 5
60 15
10676 8681 9 4 808 108
67 854 18263 40 5 26664 1082 9 10 59 2991 15
84 19 2798 19 20 38 18264 142 15
189 5771 1082 114 9 620 15
110 325 2384 596 18 8 6677 24 3233 9
261 1082 5771 353 7 45 9 1612 29 1246
38555 547 332 10079 12 10 3736
320 96 437 947 22 18 2666 9 420 4634 6 420 38556
652 48 7 8 288 6 365 38557 9
14455 6 11 38558 9 11 13206 9 11 147 14496 5
7 5472 9 130 38559 365 14497 54 71
13 14 11 38560 20 11 2739 7 21479 21 5
8 38561 12146 21 178 26665 795
12 2344 9559 101 59 7679 9 28 19 94
2924 9 43 11 38562 5
83 14 41 7978 8694 7 101 611 9
43 4627 9 110 18 2284 9 261 28 7 547
28 200 9 9560 12 26666 48 8 442 71
206 26610 9 12 84 29 207 91 537 2666 14 2129 243 9
11 3795 9 10 1320 5 126 162 528 121 128 9
19 1077 53 18265 11 3161 21 4451 5
43 26667 21480 71 4 23 11 2081 21 2349
38 2739 9 8 38563 21 101 1068 9
239 12 40 9 33 12 14 9 7 1077 9 110 12166 9 8
18 8 2505 28 4036 13 5 45 9 156 19 242 5
4 1091 1572 9 120 13 1157 43 12167 9
48 9 9552 9 48 71
236 13 367 5 149 9 4 132 45 18 43 19 5
96 1168 8 38564 71 4984 9 38565 5
4 132 4891 1572 7 1157 42 5
101 532 38566 15 14 13 11 500 18266 15 149 9
12 84 9 41 1227 9 43 3163 824 19 5
2924 9 122 19 64 186 792 884 19 9 19 331 106
4 65 475 9 18267 5 12140 2445 9 10059 6
6451 11375
135 2236 6
339 4 23 482 8 9073 581 4 23 9
11 385 38567 38568 5
854 128 9 18 1867 9 1847 25 38569 15
38570 9 38571 43 26668 9 662 2700 21 8 26669 9
233 27 1760 9 10 1320 5
148 38 732 9 4 84 207 1572 11 1028 26 8 1130 5
279 4 78 38 274 18268 9
160 9 160 7 405 9 12 234 4 794 1572 13207 71
178 2898 12148 20 10 38572 5
28 172 11 588 21 3270 137 9 1515 71 25 8
113 9 21 38573 13177 43 8 517 14498 21
12 273 16131 5 1476 9 216 2668 9
12 118 38574 175 5
13 14 11 38575 28 19 323 2868 3739 71 12 8
398 71 6453 1082 5108 22 15
4 320 14499 71 178 1096 14 21 314 927 9
110 3917 18269 9 12 66 5949 22
110 111 80 323 38576 22 43 10 4452 9
348 24 1739 6 13 309 22 514 71
7978 29 1331 43 101 38577
60 26560 1234 900 7 21481 5
12 36 29 743 243 18 5360 38578 9
1125 42 38579 26 178 55
7 122 38580 12 38581 2071 71
2924 9 12 8 288 126 854 23 9 12 10 9065
6451 5225 777
12 196 5109 101 3197 2565 29 221 111 9
7 3023 70 13208 11358 11 7123 5619
101 13195 3864 111 4299 71 1091 9 510 5
556 9 60 11 561 6 556 9 60 11 1309 172 38 6
70 10691 18270 3021 4987 54 18271
7689 8 690 38582 18 8 4892 15
26670 9 2716 18240 9 4 132 36 6668 26 11
28 70 38 3447 24 38583 243 38584
60 38585 4102 172 80 6 133 29 80 1257 15
4 65 135 21 38 3232 442 9 12 84 128 21482
2666 14 11 6275 208 112 420 11 6455 466 167 365
7 31 161 48 8 3197 12 59 4 123 5
4 132 1915 101 11357 5
8 18272 20 356 4 128 161 54 21430 22 9
2168 43 2446 5
8 3865 21 48 21483 5 83 24 118 2382 71
12 18 121 10688 4 132 38586 10 476
18273 243 43 1404 9 7 523 101 18273 243 127 71
27 393 243 12 255 8 4893 26671 9074 9
356 18 101 18204 7680 809 1845
60 354 19 21 4306 15 18 338 1027 9
148 38587 24 795 4 78 4 65 38588 21 38589 9
11 1838 53 1631 20 10 3689 9 27 196
120 67 14499 153 29 9 38 84 38590 9
29 7690 15 96 33 401 7 149 79 7690 5
189 14 217 1068 15 126 2565 29 2645 243
12 29 11 9561 9 110 1082 38591 96 14 5
149 38592 112 5
28 1117 22 7 36 18 128 9 196 4 65 18 128 9 27 11
18216 588 5
104 40 9 18199 6 9075 9 60 581 38 15
3485 38 8682 9 4 23 6668 7 207 161 11 1028
178 962 9 11 17 49 101 6278 5
8 385 38593 9 38594 9 705 1314
7 38595 48 10 13209 12 14500
96 6279 304 21484 5 394 22 273 9
598 38 13183 38596 740 226 247 9
91 23 4 18247 38597 34 101 1070 9
104 5776 80 12168 6 2666 14 121 4453 28
10068 18 26672 67 84 36 101 4037 9
7 26673
274 7 36 38598 9 12 11 325 216 1234 24 1716 2286 5
129 36 13 25 71 6675 310 249 16132 1332 6
2167 9 1474 5 4 84 38599 7 153 21485 19
466 22 9 10 476 9 10 6464 476 6 27 9 160 6
20 1702 12 26674 38600 21 8 85 9
8 4539 1169 18 77 385 4539 1116 9
130 732 21 208 2565 221 9 2737 4 310 13
206 9 1191 243 7 156 208 178 16100 462 9
269 9 5765 71 196 4 93 29 2139 27 1603 9
118 12169 7 217 2350 9 20 9 348 226 9
320 4 1257 40 15
38601 243 148 208 28 24 21 11 1389 2485 5
252 18274 5
27 149 34 537 9
7 36 38602 26 161 28 38603 19 5
130 596 8 1583 42 43 217 645 475 5
7 26675
4 1091 19 9 393 29 9 27 18 11362 7 2182 5
129 9 5765 9
40 394 22 113 38604 28 1082 1096 5620 9
21486 9 510 161 5 11 38605 14 11 59 3372 71
6678 243 1080 38606 12 21414 9 34
26676 9 6275 8695 12 231 9 167 26677 4 9
11 1395 5361 7390 43 22 4 667 9
7 18213
309 22 7 835 19 20 10 3267 15 13 26678 22
46 19 43 161 9 19 249 425 5
12 40 23 21487 243 332 38607 1965
96 323 38608 178 38609 43 332 4167 9
148 40 38610 28 96 14 16133 71
178 4452 854 36 8 18275 21 10 297 9
38 14 38611 167 50 9 13210 9 14 13 29 15
8330 1317 15
7982 9 12 120 4 93 29 9 4 132 184 345 28 854 5
348 24 3919 12 8 1299 24 645 5
38612 14 475 5
2399 9 10 1320 6
12150 101 9550 7 273 8 2238
13180 5 26679 700 9 12 4454
28 854 4796 11 5362 189 13 14 9
7 14461 9062 7 10 1395 1784
1572 38613 5
172 27 11 38614 297 7 217 21488 71
3120 42 11 3371 5
356 9 26680 2011 38615 9
27 9 10 59 1320 9 4 3861 29 148 60 927 9 420
7 4988
1827 38 2082 1978 5
38 9 12 48 457
547 38616 21 74 485 9 547 18 74 1985 9
20 4 84 128 1572 9076 8 686 9 10 347 5
2896 31 48 14497 71
148 38617 5950 71 2737 2995 29
2666 14 1301 21 18276 8696 80 54 29 588 9
5110 121 793 5
12 430 248 20 28 356 1082 38618 5
2737 9 110 96 14 122 587 9 236 161 45 5
9077 16134 1234 24 7401 70 4533 332 2799 71
466 38619 9 4 23 535 8 2739 349 161 9 4 78 29
38620 6 19 54 18277 480 5
291 12 5767 9 11 14501 47 15 3974 133 7 348 4 64
466 7395 6 1082 1096 12170 7 21489 14502 9
8331 74 28 26681 38621 9 5473 3372 6
4 132 207 13 70 1572 9 12 9 59 578 9 59 85 5
75 8 969 55 8 193 7116 7 247 9
67 54 686 1038 7 36 6892 223 1082 1096 5
196 84 96 1353 96 1168 5
129 9 120 19 84 26682 148 10 2567 9
26683 7 10 5620 148 2344 12 405 9
7 10053 18 113 16135 9 10 819 18213
20 13 21490 101 239 71 130 120 13 66 29 9
365 1027 21 1417 2327 38622 70 10 476 71
12 349 8 21465 167 4 93 162 413
4371 9 285 161 5
18 332 26684 48 2343 2774 5
60 9 3690 19 101 21491 18 8 1343 15
7 2399 33 906 1355 3582 21 19 48 5
122 4 172 29 11 147 12171 9 16120 38623 13 21 19 71
104 6 11 1299 24 1068 15
2924 9
8 2996 5
4 31 5
217 18278 1592 26 1890 5 111 9 236 161 45 5
2486 9 12 25 38624 8 2840 16136 420 25 80
38625 148 10 8689 5
36 16137 9 640 5765 5
40 2669 1532 4101 9 12 2617 1532 26606 8332 71
364 7 403 1572 43 11 1029 4712 9 28 14 9
134 38626 4713 36 18279 12 2670 3486 160 9
14479 1082 9 49 247 70 217 239 38627 9 11376
5765 9 12 19 9 10 541 9 84 19 45
26685 14 29 18 178 1000 9 27 18 178 21492 9
239 7 10 348 12 179 6450 101 3197 5
4 378 19 6672 9 1474 9 12 111 123 88
217 16135 9 217 3125 5951 9
41 9 967 9 4 673 4532 5
96 7402 43 6101 12 21493 2926 9
1550 5
1329 119 9 12 207 122 11359 43 1572 5
48 10080 7 28 1731 66 156 332 2869 9
2082 8 659 38628 7 10 926 26686 71
404 9 12 13211 8 3271 5
26687 178 1261 12 26688 34 178 21494 9
12 21495 161 34 8 612 21 38629 5
172 80 110 10081 110 8697 9 110 286 110 7397 9
20 38 2505 38630 9 38 4894 5
1532 1828 33 9 110 1082 1096 9 4226 21 1585 9
2070 67 41 118 21496 15
12 9 38631 7 8 13212 9 18280 11 2115
4165 126 14 9 27 120 126 23 366
12 4163 121 3023 257 8 38632 26689 9
98 9066 1082 234 9 21 252 1082 16125 38633 15
8319 265 49 1234 6 369 9 9056 9 12 18281 153 5
91 2666 3633 19 7 9072 22 5
729 110 80 1302 38634 9 129 74 21 19 84
680 6106 21 11377 9 4165 6110 7691 9
236 161 45 42 257 8 1690 2271 9
1082 5771 2286 22 11 3582 3534 18 2116 12
104 424 214 14 26690 5
80 54 9 10 14468 9
60 24 28 7 1572 15
849 21 2182 854 29 9077 28 70 22 9 1751 206
4 349 1572 9 21410 420
22 41 907 110 11 38635 4 123 29 21497 5
8 4038 167 2618 9 110 8 16138 38636
101 633 14 3481 21 633 9 148 139 633 646 71
12 8 4628 21 8 38637 5
6105 14 18228 243 9 12 48 8 442 7 233 9
10692 26691 9 38638 12 18 1106 9
7 7983 11 12172 24 476 2167 11 13213 5
385 4627 243 9056 9
148 16139 9 22 21498 19 20 1785 71 148 16139 9 4 128 19 9
22 178 4228 613 71 2737 403 1532
313 9 4 575 9 3633 29 8 1894 9 2666 33
466 19 588 3973 9
28 38639 22 43 4792 24 13214 7124 5
4 4163 153 28 66 128 332 1155 24 59
4630 18282 10082 9 6465 121 6280 1299
23 4 29 535 8 2115 9562 243 42 43 4710
149 9 926 9 149 9 19 23 170 8 476 21
4894 854 36 9563 7 10 344
1716 9 1474 5
129 5221 13 111 2645 28 38640 1538
21 18283 26692 9 26693 9 3920 12 26694 9
1082 38641 153 9 91 4 64 21499 5
11 926 9 1474 9 134 13 33 319 126 108 38642
8 38643 4166 118 10693 223 16140 5
11 193 284 447 8 442 5105 9
12 40 9 18284 9 1125 26 161 7 18285
67 1315 729 18 217 18286 6 167
3021 2307 43 22 21 8 38644 24 128
18 314 11 877 21 1508 9 25 887 398 4627 9 420
25 1866 21500 9 189 48 2867 33 936 5
175 5 233 27 26695 6 48 38645 38646 6
28 4 65 21501 71 356 7 5621 9
12 66 161 907 71 96 1211 243 8 10694 10695 9
98 9 20 461 74 24 523 28 24 47 21 9065 71
578 9 236 22 106 8 741 5
80 854 45 480 9 2012 9 34 1532 7125 5
20 110 4 65 9 4 312 1827 8 7984 5
27 4 23 3163 1649 12 38647 5
98 9 60 11 1299 14 38 6
27 527 1532 476 43 38 15
4796 83 27 122 308 9 1751 1257 7 22 71
189 38648 12 8 13215 10083 7393 9
2419 107 332 38649 2870 5
112 9 810 38 12173 20 22 9 2666 14 10 571 9
59 10054 7 101 6278 5
104 40 9 38650 6 60 170 18 8 21502 21
28 14 10 613 24 14503 12 846 21 398 9
466 1320 9 1474 9 8 2527 3162 9 8 7692 9
27 49 11 5353 38651 38652 9
7 23 153 585 41 118 71 19 113 9564
148 8 18287 308 71 14 28 8 21503 15
956 18 8 754 21 398 420 122 2719 313 9 111
274 697 9 129 5
1168 1572 29 71 1082 5771 26696 16112 38653 5
20 4 65 48 8 6466 28 19 23 9
60 9 6453 1082 29 15 129 9 10682 9 31 13 1082 5
96 13216 26 8 1558 71 28 3863 21 178
206 24 83 9 4 26697 6 149 887 8 222 9 4 1091 19 5
78 38654 33 101 6452 5
257 3974 2550 2565 25 5229 38655 28 178
8 4455 21 10 203 9 236 22 234
196 7 31 9 12 112 9 189 19 54 9 80 54 305
4 26698 5474 9 1978 323
27 84 19 285 15 8 1299 14 10 128 6668 5
157 25
38656 43 3335 110 2840 110 8 2619
83 33 41 658 7 3268 3334 24 2141 9
38657 8 38658 6
67 106 8 147 3408 28 67 320 3305 9
2057 38659 448 29 18 8 10696
236 22 29 1077 10 1992 9 236 22 29 9 38660 9
4985 9 4 65 1893 7 11 962
12 21504 38661 9 130 457 11 2505
91 8 3232 38662 715 10661 33 474 9
2329 38663 1665
4 78 29 60 19 376 148 28 9 27 9 4 65 274 9
4628 161 29 7 14493 43 178 1320 9
691 3369 603 120 178 1000 64 114 49 161 28 399 13 9
120 126 36 42 9 4 132 1257 43 121 9 120 29 9
8 5354 9 11 3409 21 8 1155 24 1404 9
118 49 11 6887 223 11 208 466 167 8 638 9
130 667 161 18 21414 7 101 14504 5
83 7 595 43 9565 5
43 1532 38664 792 9 70 1532 3920 26699 2504 9
38665 93 29 18288 22 47 21 10 8685 5 8316
5768 367 5 4 132 605 13 71 510 22 5
96 320 29 36 10 613 5
12 120 4 687 9 41 2081 854 1533 22 71
41 9 348 13197 101 3197 163 36 16133 5
1603 34 178 3485 5
466 12162 9 19 54 26700 43 11 4797
1380 19 172 21 38666 9 38667 18289 5
25 9 3921 83 5
13 14 18 398 26628 7 7125
21505 13 110 122 26701 9078 5
1055 8 26702 12 1719 178 231 10 16130 5
27 4 31 184 13 18290 12 14505 9
38668 161 122 12174 337 7 8 21506
129 320 101 613 687 5
757 21 332 56 7 145 9 12 21 283 21507 9
4 132 9079 19 25 3796 472 729 9 7126 12
8 2344 314 3197 66 6893 121 9
4097 9 1474 9 4 149 7 1257 43 1474 1579 13217
70 16141 9 38669 12 2130 15
20 9 110 4 94 9 80 31 7125 161 79 9
14506 6 11 6455 1827 19 547 6 21486 6 38670 6
12 822 161 18 8 6111 5
11 6674 927 223 67 93 21508
12 4 65 196 25 887 8 10697 21 10 541 9 28
108 75 38671 69 9 70 18291 7 18291
226 8 8698 9 12 3024 11 1389 24 262
161 5
84 386 13 10665 5
1404 9 620 9 1404 6
38672 22 7 187 22 71 4 132 23 10698
2565 5475 18 38673 23 1613 217 1927
148 6675 9 4 132 45 71
19 23 1494
12 49 110 26703 21 38674 18292
12 7 8 2238 527 96 9 189 424 4706
60 90 67 1797 15
236 45 8 732 21 28 38675 9
104 172 80 170 15 60 26704 33 482 15
43 314 11 588 21 128 110 331 1580
133 753 3162 5 21509 18224 83 14 846 9
20 537 2259 243 8 38676 6679 24 1838 15
21 38677 9 130 38678 2773 9
12 84 96 29 149 119 15
110 2997 110 2349 9 1474 5
12 69 2565 3336 247 257 38679 71
60 436 96 15
4 84 10699 48 38 26 13181 24 275
4 794 20 1572 1827 11 72 9080 5
104 234 19 7 11 1003 14507 26705 26706 243 15
12 83 13 14 18 741 9 4229 8321 5
38 3332 527 7985 5
4 78 178 26707 9 2666 14 38680 420 7113 9 1082 26573 6
94 1827 21510 9 12 9 43 1891 1797 9
8681
134 29 43 1247 12 16142 9 196 43 26708 12 38681 5
854 4 310 101 21511 12 369 38682 43 153 15
345 28 16143 1532 3126 3371 9
11 7127 5
27 846 93 539 161 70 8 4895 14503
1082 6453 29 285 22 40 9 1082 7387 29 129 71
28 128 8 18293 523 21 1261
4 132 361 153 55 119 7 3234 22 71
320 4792 5951 108 171 223 3162
8699 21 178 2871 6 234 9 59 6885 9
4985 12 249 21512 9 547 1157 4299 5
96 1139 8 4226 18 8 1343 9 1474 9 21 3974 96 2565
236 29 121 18294 16097 8 1299 24 7403 5
27 9 148 193 5622 9 8 4447 21 247 48 9
7 36 11 38683 6 466 9 12 83
356 1494 9 261 10 38684 18 1620 9
365 567 15 4 93 29 349 9 4 94 29 71 4 84 29
161 5
236 13 36 7404 5 38685 9 310 8 222 9
7123 9 129 9 12 60 24 8 496 15
10676 18295 323 575 22 9
38686 9 12 8 21513 13218
189 365 291 3977 26709 331 13219
12 60 7 101 6668 11367 4 23 5102
27 49 11 2840 12 122 18204 208 9
1856 12 3269 5 2345 16144 9 49 11 21440 9 26710 178 2350 1827 8 1926 9 12 9 43 11 21514 4168 9 8 6894 38687
106 20 8 496 5
236 153 29 12163 9 27 43 11 3978 924
12 500 70 283 38688 127 9
130 686 9 420 34 239 15 420 16145 96 2385 29 9 27 9
34 48 373 10669
12 91 4 618 20 19 9 149 7390 4540 243 5
78 21 22 129 9 20 40 4 1257 7 113 4099 9
12 26711 332 38689 15
206 49 29 18 332 7395 9 27 332 567 9
8 21515 38690 54 505 21 2311 9
60 319 38691 110 5110 4988 15
234 9 126 854 36 11 690 12 4373 2445 5
10 1320 9 67 23
112 14 1532 4891 9 8700 161 9 9067 9
466 38692 9 14 29 38 11 1631 952 9
12 178 4168 9 11 26712 21 18286 9
21 2239 13181 12 8 2739 21 3979 5
12 18 38 588 2565 217 38693
7 18296 102 9 310 59 1740 9
662 48 13220 5 13 14 147 595
12 11 59 21516 527 110 4229 110 7 234 11
1082 1583 9 466 1583 9 466 705 12 629 1583 9
18 728 1156 236 22 36 38694 6
111 9 4 84 207 161 9 129 3333 10 962 9 9077
38 21517 243 18264 12 38695 26713 9
25 49 11 18297 9 21518 1751 14508
12 255 11 21519 20 26714 26715 12 5770
394 161 108 328 243 5
12 70 8 38696 8701 9077 11 8682 9
2285 217 7403 70 3584 14 404 9
12 126 2959 5476 43 121 18298 9
96 450 59 503 10068 9
12 29 23 2773 21 122 38697 112 5
207 161 198 71 96 1117 4 78 161 111 5
128 280 29 43 8 567 9 27 43 8 563 9
64 70 8 3634 21 10 1385
172 9 26 8 18299 21 365 4792 243 5952 9
4634 6 45 7 1532 220 145 9 12 866 1572 5
157 25 13 33 43 22 91 4 33 1314 71
48 9 2383 20 161 5
5771 1082 28 1395 164 18 1532 2081 9
12 3487 19 48 16088 6
60 9 14 18267 83 15
21 11 7986 15
38 50 9 193 4226 9 126 1054 8 3635 1827 22 9
16102 1827 8 567 21 38 1314 693
178 1632 9 4 18300 9 7 21520 667 9
2924 9 12 38698 18301 189 126 86 1462 9
20 4 65 274 126 14 29 5476 5
1751 162 1151 28 4 163 21521 9
184 10700 21 4451 9 118 223 2095 9 7 18302 9
189 1082 7387 503 9 28 1082 18260 285 21 247
14 10682 475 15 8 1106 33 18303 5
4 45 9 21522 71 12 20 1532 732
423 101 38699 6102 14 475 9 130 126 24
27 104 180 4229 854 121 705 1310 82 15
120 4 12175 687 29 43 38700 24 4888 9
28 9 379 8 2717 4 1612 18 265 7 128 9
67 31 29 376 8 38701 38702 124 9
8702 12 10675 2345 8 9566
28 18 8 158 21 14509 12 2343
365 680 38703 9 365 21523 9
104 5111 54 67 28 54 29 2614 1234 6
65 11 18304 9 11 16146 24 2182 71 8 657 21 11
2720 26716 18 26717 5950 9
7 1524 38 2461 9 67 48 133 5477 729 9
12 26718 16147 43 7405 5
60 24 8 1120 15
12 9 110 67 3053 9 217 3689 84 36 38704
110 10084 366 71
148 38 9 4 94 9 8 6677 1916 34 1355 71
4 132 510 1572 12 156 11 2344 21 405 9
4371 9 4532 29 9 6275 13203 9 83 14 205 247
70 38 38705 12 38706 1953 15
38707 38708 9 156 8 5953 38709 5
41 2508 10085 9 27 67 132 714 1827 153 5
60 163 29 129 36 14510 5 96 14 185
7 4630 9 148 348 24 3197 12 10 684 24 13195 9
5765 9 10 4538 2872 71 4 31 11354 19
12 41 208 457 2565 4627 148 178 795 5
101 4627 1117 60 2666 14 7 234 111 374 5
466 9 4 65 2927 243 7 795 379 63 21 2620 6
10 962 14 10 297 5 120 1234 123 36 16115 7
25 38710 1827 101 21524 5 60 9 3920 119 15
98 38711 1082 25 15 2666 14 171 137 96 14 9
21525 267 71
236 22 313 8 2505 71
38 14 8 147 26719 21 128 9
199 4 246 343 153 110 290 5
691 7 26720 603 365 265 854 36 221 9 1474 5
130 437 29 247 5 120 6885 224 9 217 2716
133 12166 25 6
27 4 84 4450 161 5
12176 14463 9 12 273 247 112 367 5
111 9 111 9 41 118 21 28 5
19 132 106 101 3584 21526 43 1170 226
4 393 27 20 10 38712 71 7 8 2238 6
1091 9 36 38713 243 71
83 14 29 21527 374 18 2928
1761 19 7 8 288 6
4 2800 29 18 8 2117 21 2344 9 206 64
12142 1532 26609 7 10 1395 1784 9
13179 9 28 423 19 331 393 161 70 178
12 156 11 38714 21 1572 5
466 348 9 101 124 38715 5 60 163 11 208 31
6453 1082 714 1532 935 466 167 10 1033 15
184 60 1082 38716 148 500 12 2129 243 1141 5 149 5
4 234 38717 700 9 167 199 11378 700 20 3123 5
26696 148 19 5
8 38718 13205 21 8702 93 29 310
28 126 133 162 358 13 70 121 1191 9
130 4 84 1011 38 6281 18 101 38719 5
1229 12 38720 7 1532 541 24 13172 9
691 3369 7 10683 603 156 42 41 38721
2716 777 9 110 4 65 11 208 9 83 33 74 38722
8 26721 15
38723 1082 121 452 18 563 15 8330 180 130 1018 15
379 11 1202 5478 9 8 6452 38724 9
2666 14 122 38725 243 18297 9 59 10 1320 9
96 33 10 2716 9 12 4 4039 10 215
28 13 24 64 13 275 278 107 148 13 1314 5
12 7390 23 80 794 13 20 121 18275 5
189 547 29 4444 9 12 196 11 18305 922 71
207 18306 9 8 13194 24 385 10701 7 247 71 120 8
94 111 7 3306 38 110 19 323 9 8 38726
91 96 7406 148 71 4 234 119 9 1532 3863
310 1404 9 1827 101 1716 71
537 612 19 38727 9 91 7 700 101 612
1729 9 60 496 15
4 31 8700 1572 21 690 16126 112 5
174 21528 21 1808 9 28 19 128 247 9
38728 13 9 8 4103 84 1157 339 80 585 21
28 24 3582 7 74 59 74 420 91 19 40 106
38 208 14 171 223 8 208 96 16143 9
7 178 59 231 2896 1477 4 132 21529 10 1525 9
12 4 65 135 34 476 5
14511 1572 20 121 1299 71 339 129 9 659 578 9
12 581 7 394 19 2698 13221 5
9076 854 38 1088 36 4635 70 1532 877 9
4 9545 19 9 43 2721 128 12 14512 1107 9 96
20 11 1592 9 12 198 210 4 20 5353 996 5 27
4 1139 11 14513 9 74 398 5468 297 9
20 129 38 1890 33 38729 26722 243
1532 532 88 88 4 1572 18 424 429 6
1082 38730 9 8322 9 12 28 1088 21 6882
27 65 18 28 21530 26723 26724
10679 7 16148 8 2668 34 121
120 38 2991 36 3731 9 96 132 162 361 3860 1639
10 26725 9 854 67 503 247 112 9
101 26726 3980 9 420 2816 2872 363 723 12
1055 8 16149 12 2899 38731 9
4 132 3735 5479 9 7 106 120 80 132 21531 22 5
28 1370 22 10060 9 4 1329 8 1310 5
203 118 18307 18 38 21532 442 9
25 28 27 74 476 67 93 156 21 13 9
13 14 20 19 67 1257 9 29 20 5768 71
1055 13 43 10 215 5
178 26727 26728 18 178 2717 9
8 38732 243 6467 9 8 1273 38733 9
26625 1082 199 8 26728 1299 14 3406 15
12 2896 38734 43 38735 11379 9
7 605 7 74 28 126 757 133 18288 121 9 167 4
4 200 13 385 21 48 91 4 200 4448 9
1474 9 19 54 462 24 2716 5
38736 10 476 9 27 4 1533 8 208 5
5954 9 4 84 38737 1532 38738 5
18 60 4711 262 7 44 4 78 29 9
10696 9 206 9 2929 101 21496 9 14 8 3265
721 22 2504 8 9548 21 11 1828 9
112 148 8 7987 4 132 1691 1572 42 12 160 5
104 123 28 36 15
466 9 236 22 393 9 18246 60 323 18246 6
331 8333 1178 130 38739 16150
12 112 394 42 5768 9 18 8 505 6112
13 448 29 595 9 1751 14514 7 10 429 9
1474 9 854 4 7 38 926 15
91 4 65 6680 9 129 1310 43 10 962 5
34 332 381 71 365 16135 323 111 36 554
223 1301 13 189 83 14 314 16151 5
41 686 18 2343 223 215 71 10 239 3232 2620
27 1612 22 38740 42 5 575 1572 6
394 161 48 14515 71 4 64 673 23
28 4 323 21533 1417 5
83 14 9 274 9 195 4230 7688 9 12 365
178 795 24 1827 161 9 27 29 475 5
25 2083 66 1417 5
28 19 854 94 8 3265 14 149 70 405 5
12 4 315 9 13 14 11 7128 21 1000 71
10 9543 9 307 189 8 26729 8690 6663 9
753 107 9 1082 558 9 1082 21534 6 14505 214 9 236 1928 9
1299 9 36 178 364 162 25 16152 9 120 13 149 7
28 21535 385 38741 71 27 36 29 3164 5
691 3369 603 110 325 5777 110 19 23 13222 5 3054 6
178 6895 9 1474 9
7 106 101 3197 5
356 1708 21536 9 588 8695 9
8 38742 21 11377 7 8 26730 9
148 48 4040 38743 9 200 13 40 9
4 84 29 1257 43 161 9 234 4 65 135 71
43 291 5480 8319 223 24 18308 74 71 96 14
1751 162 148 11380 4099 595
267 9 26731 12 6275 26732 71
6451 38744
4 66 29 106 19 261 19 794 22 3406 9
466 9 60 11 442 14 38 9 91 60 14 38745
122 120 96 84 149 7 22 5
3046 9 93 31 41 118 9 4989 1827 10 452 71 1082
25 320 26733 38746 5
54 10702 19 9 19 169 111 7 312 5 2382 6 48 2382 6
60 3268 9 5765 6 104 854 4 824 19 15
8 10683 24 12 1474 3091 38747 24 2799
1082 129 16153 822 22 71 12168 9 8 69 14 149 71
11 7407 21 38748 4163 348 2096 161 111
110 4 7125 19 5
38749 4169 38750 38751 38752 38753 5 167
80 172 29 43 26734 18 178 2843 5
1532 1935 259 162 64 26735 243 8 1964 6
60 9 38754 6 149 198 12 36 14516 6
28 18289 42 314 11 4373 1501 110 38 14 9
12 2211 18 8 9554 21 6113 5
91 645 9548 26736 332 532 2213
196 236 247 48 729 7 217 9081 9
38 1377 19 2287 243 34 9 134 19 493 121 29 9
21537 161 11 731 9 394 161 11 200 21 3234 18
236 161 2645 5
7 667 101 385 18309 38755
18 41 686 166 223 54 12158 12 26737
43 18310 16154 1532 38756 9
1895 148 101 4165 1203 9 2565 794
9082 18 153 4231 107 71 113 3588 21 38757
6453 1082 14517 153 12 1342 160 1532 1525 15
11 1777 21 1647 697 5
170 11 2843 5
8681
4 132 734 13 6465 13 149 7 2213 71
307 18208 9 4 1838 19 71 149 101 3052 5
11 26738 9 11 10703 55 21 795 9
2565 26739 178 59 16127 26 101 128 9
189 8 475 14518 21 21422 1342 71
1089 12 1313 5 4 78 11 208 28 64 38 3740 21
41 15 60 1151 9 129 9 28 724 13223 21
8 3265 11381 2621 6 4 65 536 80 54 56 9
2566 121 659 567 7 2344 12 1091 243 26657 5
96 14 18311 5
11 1390 21 3919 71 27 9 1476 9 7 156 22
394 13 122 5112 9 27 41 1992 71
83 14 41 283 158 9 2666 14 126 320 12168 71
223 8 38758 19 394 13 5
110 120 1082 129 14479 1054 42 18 1532 1107
4 376 9 1474 9 18 2897
3976 9 19 323 9 91 19 285 41 118 1027 21
106 189 96 280 47 21 8 1004 5
21 26740 4792 9 4989 12 21492 5
34 3741 4 41 118 4628 11 3272
1124 3406 9 12 273 22 71 94 1827 365 241 9
19 854 11382 8 18312 21 101 18255 9
2666 14 25 9 36 274 21 13 5
60 23 4 1315 55 15
1082 1096 26741 9 1082 1096 26741 9 1474 1579 5 33
11 208 9 1314 926 6 926 9 314 11 208
496 9 5765 9
28 3445 163 236 332 1593 285 332
199 38 14 18 892 21 11 1299 5
10059 6 1178 8703 10 1992 5 385 481
1222 1303 12177 243 43 217 38759 1525 12 21538
16155 84 156 247 48 16133
101 6102 854 36 235 5
54 18 128 53 5 196 4 21539 18313 13 148 11367 5
21406 9 12 83 535 13 2462 1827 28 8
10 1320 9 1827 8 6468 189 67 213 243 5
339 28 8 38760 1159 2565 12178 243 217 1731
38761 9 6896 13 8334 21540 9 12 790 13 20
613 21 1620 9 104 323 67 3121
11 38762 208 24 11 2742 12 11 4166 5
27 18 48 1720 457 101 2716 18213 5
28 1088 356 14519 8 26742 21 48 38 9553 9
4371 9 28 24 1857 5
691 3369 603 48 84 21448 70 22 9 12 652 7 161 5
4 84 234 233 5
83 38763 243 2095 9 12 112 1827 178 1212
84 19 36 3127 20 233 15 36 514 9 59 2716 71
457 9076 123 96 25 180 38764 178 2616 5
8681
198 43 161 6
356 331 38765 8 3265 5
236 24 2142 257 8 5230 21 365 2670 5
26743 43 778 9 38766 1532 131 1475 9
27 8 500 3234 356 70 18201 96 13224 9
4371 9 28 4 84 29 5
356 1082 12149 5771 1521 121 21541 5363 5
38 14 10 1068 24 38767 9 20 41 118
8 1130 21 38768 9 8 1502 9 8 26671 9 8 2344 9
4 84 16102 19 189 19 854 23 69
27 16156 243 18 11 3920 38769 1502 5
12 9 18 8 18314 3922 930 9 148 85 9
20 38 1709 5 60 773 4 376 7 1077
12 174 537 21542 18 18282 4377 9
2924 9 4097 9 33 13 9 38770 71 60 133 19 43 121 15
7 94 466 167 8 5231 28 4 23 652 243 19 7 9
11383 18208 5 835 22 120 4 65 11 18297 71 13 854
38771 1157
2504 2386 373 11 151 9 210 7 11 38772 537
148 10 13176 9 11 59 485 5
130 36 11 1858 297 9 13182 178 10704 167 4633 9
1751 2349 22 9 49 11 38773 9 18 8 993
111 9 31 101 16157 5
136 178 6114 5 19 78 8 21543 5
60 9 86 38 214 2645 243 119 10068 15
12 206 21434 398 91 8704 6112 178 11366 15
10 13194 12 38 645 2445 24 54 74 5
12 178 193 128 9 5364 110 178 18315 9 2565 26744 161
18316 43 8 1299 21 9567 9 98 129 48
20 1620 5
110 4 31 40 71 20 21544 38 2552 2505
19 71 19 54 11 59 3409 21 8 13190 5
38774 8 7129 41 18317 9 8 4166 41 3128 9 8 5100
130 667 161 107 71 6897 9 285 22 60 4 234 6
60 9 42 12 160 9 26745 49 122 38775 15
26 9 38776 9 12 378 19 48 38777 9
2737 9 34 101 26592 9
7 106 193 10675 18 178 4896 21 1404 9
12 236 10 11355 9 14520 4632 9
25 36 13 9 20 13 93 29 36 27 25 5
126 38778 18318 43 6882 1729 1579 9
361 20 113 1234 21 700 4990
4 132 200 1572 424 26746 4456 466 167 1710 167 1798 9
67 84 5768 6469 71
163 18288 161 9 120 96 26747 7 22 9 644 9 134 4
12 129 13 494 49 11 1891 214
38779 6450 19 71 19 169 10 16158 9 27
147 111 9 12 123 36 3121 7 394 161 59
846 9 27 7 766 101 567 5
394 19 59 503 6 167
691 7 2445 38780 603 25 854 13 36 9 101 3197 854
53 9 12 3305 424 11356 7 403 22 34 178 4633 15
38781 2622 8 215 7 149 5 27 18 365 3981
6451 8687 12 26748 9 43 8 21545
12 38782 38783 273 47
620 9 19 132 45 43 247 15
1753 10 563 9 19 328 22 9 2716 18240 5
653 398 532 9 8 1155 6470 12 38784 9
60 2084 83 9 2214 15
16118 1639 13217 9 12 2737 118 16118 9
4 132 207 8 171 633 9 27 120 19 84 29 9
356 14 217 4627 9 3923 3333 854
1082 38785 22 1082 9066 1077 161 18 1532 127 5
27 236 8 442 6282 22 18 5113
54 38786 4167 71 67 320 1202 156 275 71
4 510 243 28 4 9074 7 307 1827 71
20 217 3972 9 2737 285 247 239 5
26749 9 38787 48 8 12179 21 2550 9
29 49 11 5955 208 5
469 26750 9 12 394 158 8 284
91 19 2566 47 9 13 62 439 79 5
332 2447 21546 12 3410 5
60 436 8 3123 43 121 3126 21547 15
45 1080 19 547 9 12 18 186 952 23 11
4 64 673 36 332 11375 18 10 158 9
12 21497 13 854 113 1508 9 130 454 10 55 71
1532 26572 12 1532 231 9 4 132 23 118 1716
269 9 11 17 224 19 9 1474 5
41 5
919 9 4 1797 5 104 16159 101 9550 15
21 84 12 7395 71 104 323 4 2509 9
12 175 2196 22 9 129 49 21548 356
107 9 4 133 11384 101 5114 11 201 9 18 59
854 67 29 106 365 4636 12 365 1896 15
14521 9 12 1532 128 5
1532 2483 9 12 1011 1572 226 8 1299 15 2327 9 19
11 38788 18319 12 11 16160 1639 9
10086 21 121 1828 71 2327 9 19 10070 9 130 4 132 25
1077 9 1474 9 130 4 132 1432 101 13225 16088 8 222 5
12 236 217 3915 12 567 9 49 9083 2284 9
261 4 93 609 21 13 5 1091 19 9 1708 22 112 71
1082 38789 4541 9 47 21 10 2717 6
4 65 205 47 9 20 22 233 6115 5
110 595 7 36 122 10667 24 21549 5
7 156 384 20 161 18 10 1156 24 145 71
5768 7 311 5768 5
18 101 659 4987 236 38 14522 207 5
31 60 19 84 9 18206 854 36 8685 5
239 4457 9 4 132 492 161 42 7 8 38790 9 110 4 65 11 6887 5
19 9 96 2565 11 659 1068 9 12 11363 14 121
18 10705 6463 21 178 38791 6
12 19 8 14523 21 332 26684 9
121 1828 14 18295 38792 9
18 1261 110 14514 110 18 1261 2666 14 1097 9
3924 243 43 5353 26751 12 38793 3534 9
133 273 101 14470 9 12 207 10 11367 5
7 4035 38794 1178 1827 38 8705 5
11 578 9 110 11 7693 14 226 2666 14 11 38795 9 130 11
1751 887 1751 10706 107 9 10 7970 1320 9
1082 14479 9 193 1299 9 11 3235 206
74 26752 21 4458 5
27 60 24 178 8689 15
27 808 26 9 339 2343 156 48 265 2961 5
19 3973 9 307 160
28 5221 6116 48 1234 24 38796 5
2666 14 112 6
4637 8 1838 9 8 561 9 26753 9
120 26754 36 8 3973 167 9082 9
134 5778 9 38797 12 1484 9 18 332 640 633
2737 10 1640 9 29 38798 7 795 9
12 236 153 44 5 8 2550 21 217 177 9
69 854 5108 9 83 854 36 7130 9 27 28
147 363 5
4 23 474 233 5
64 4307 1532 1088 12 255 13 38799 9
12 234 4 65 5620 9 794 70 4533
1550 7 178 1828 1751 7 22 9 7 45 75 7 156
189 67 23 1462 9 12 25 26755 70 24 28
36 1167 129 110 1234 163 36 9
14499 217 84 9 356 26756 18 1532 59 71
111 46 19 241 71 466 167 945 36 13 9 129 5
54 19 10 962 12 84 29 361 22 1156 15
381 20 1572 71 120 19 26757 628 9 4 854 394
38800 71 19 854 5469 111 9 19 854 23 8
12 67 9 18 1533 21 8 6275 1299 9
67 84 29 523 70 3406 5 38801 9 149 9
98 16161 67 15 236 247 1342 1070 1827 161 5
79 71 96 86 118 364 7 36 2309 5 189 14 96 7690 15
43 104 26758 11 2311 420 466 21469 6
11 208 3974 547 8 6283 12 8 1514 9
101 10704 11364 22 835 20 13 12175 5
134 4626 24 16093 21446 10 1261 9
45 5
67 132 23 1547 12180 5
250 48 38802 7 10662 217 7987
21 208 12 1155 5
10 1320 21 8704 9 285 22 27 74 904 71
854 2345 22 43 161 5
129 207 10 1299 24 18320 70 10 1116 9
21 14494 3371 15
110 18 11 38803 9 12 129 7 463 9 110 12166
1082 7387 36 129 38804 223 11 38805 9 41 21550 20 8 475 5
113 283 14 118 1097 5
28 146 6681 13 5 537 118 9 5469 19 111 5
8 26707 21 3977 9 38806 9 1751 208 9 23 25
4228 20 217 38807 9 20 238 8 38808 21
4 854 23 13 5
4 1091 1572 9 1248 1532 476 7 3919 9
28 19 26682 41 283 1299 27 161 9
644 9 613 3918 9 54 19 4794 53 15
38 33 1532 1068 5
4 62 6284 18 8 6283 21 10 128
236 161 7988 5
7 94 60 3866 5
149 7390 71 556 9 19 3917 38809 6 7113 9
189 10 819 2959 5 91 66 19 766 101 1068 15
6274 22 9 16094 9 6274 22 9 705 819 71
2012 9 4 93 29 307 38810 1751 6117 47 10
466 21551 9 236 38 3732 156 1572 9074 6
394 38811 21552 43 217 38812 5
3021 825 157 38 3976 3636 3864 26 9
27 20 199 96 2565 29 1675 243 22 196 71
26759 2565 1492 8 4170 7 145 5
206 9 4 15
1082 12171 9 1096 1082 16162 7 8 2817 9
7 31 38 21553 71 12 13 40 14 221 5
4 123 11 9084 26760 3021 18321 904
3586 6 13 1993 385 26761 18 10 1731 5
6276 13174 110 96 805 15
4 33 21554 43 8 14524 71 25
987 149 7 19 34 8 38813
466 6675 9 93 19 285 11 59 208 10689 9
126 255 59 1809 21 22 9 1515 9 25 108 9
20 4 320 3406 9 12 2696 7 19 48 5
1116 5 2737 9 13226 9 93 19 3306 101
12 361 1845 101 613 5
7 106 6885 12 7 16163 18 178 13227 5
4 320 23 3919 7 8325 8 1131 71
652 9 5354 9 12 1047 5
148 8 274 26762 9 795 9 206 14 8 1985
20 1124 96 123 29 9 120 96 133 23 12170 9
26 113 2346 69 21 178 38814 9
112 24 11 393
854 110 11 3373 753 1827 1532 4302 9
223 18 1320 9558 5
4 535 290 16164 243 9
28 246 2565 27 38815 243 178 684 9 14 21555
48 18250 609 4 84 14461 6450 5
122 120 4 31 29 9 323 10 1070 11385 107
27 4 132 26716 12148 7 1267 365 1027 9
41 9 4 84 29 2566 198 10 21509 27 26 345 28
4 132 394 19 219 457 5
1082 5771 1550 1192 9 10679 9 14525 9 1751 3046 9
439 18 12 5623 161 5
54 26626 6112 26 161 28 26763 179 9
93 1342 26 2550 14 11 6285
12 83 66 570 18 161 11 588 21 1523
361 19 38 38816 15 6682 9 4 49 13 29 71
148 38 942 4450 9 16120 1047 43 1572 11363 5
2924 9 10 59 1320 71 217 69 146 361 1827 24 5
835 18322 38817 9 8 1003 38818 21 38819 9 120
21427 1082 7 38 3332 9 1120 12 6281 15 8330
101 7122 1055 10 2308 5 196 9 20 4 721 1572 9
118 14 1532 552 223 118 223 48 93 816 5
466 9 10 6274 6
120 4 94 25 9 4 94 8 264 21 19 5
2666 14 108 1866 71 12 13 163 570 148 8 287 9
104 683 13 129 28 1082 1096 361 243 11 1299 9
101 3197 2565 2484 8 7131 466 167 8 26764 712 5
7 16165 9 16112 9 29 7 38820 9
365 4714 9
21 101 7132 19 156 41 403 9
2387 28 31 18323 8 2288 71
8681
178 2260 5223 18258 1620 12 659 2873 5
104 18 217 38821 6118 5771 1082 2800
48 14 111 915 9 120 38 2872 36 646 9
21556 21 11 38822 5 1091 348 9 101 901 9 49
9077 160 5365 9 953 9 186 214 5
8 38823 54 7408 9 613 71 156 59 384 5
310 11 38824 70 8 6898 9 12 11 59 2183
4 137 4 23 101 59 84 9 1828 777 5
36 5476 1206 43 121 9 12 25 84 4 71
28 9 91 80 854 36 551 243 9 832 9565
163 358 122 6452 18 332 12181 7 3023 198
8 26765 564 14 70 8 288 9
60 38825 1082 9 84 217 231 4630 48 601 15
70 5468 12182 454 7 139 38826 9
854 184 161 148 178 2400 12 26766 1423 5
1234 369 9056 9 12 96 5220 2621 29 6 13 26678 22
27 54 19 29 2874 15 4371 9 54 19 29 9
38827 112 12 236 247 156 11 1925
112 5
21557 11 38828 369 10 476 198 9
38829 8 1042 70 8 2840 792
60 328 14 38 6450 8 2739 101 819 6
38830 21 2382 304 2169 5
7 349 161 28 178 5223 93 162 413
98 9 2896 13 854 1580
8 9568 819 21 38 16166 2445 5
1603 34 22 9 156 332 38831 34 10 6899 71
21 128 5 26767 9 96 133 23 1462 325 11 659
83 14 2418 18 21558 24 2667 9
27 18 8 1001 21 1235 9 420 28 19 9 178 620 9
236 24 106 9 4 94 2666 14 40 113 2386 4232 9
1157 9 2214 6
93 19 575 60 4 361 243 8 208 15
589 161 9 309 41 5357 21 22 9 67 54 5948 34 239 5
7 332 1320 24 4792 71 9569 18 10707 12 1170 9
19 78 11 5223 9072 243 14 38832 9
217 7127 2775 5
11 5473 1342 6 2671 1572 7409 5
7 1438 43 22 18 6101 186 118 71
38833 420 38834 38835 6 4 162 9085 171 261
43 1572 18 14526 9 4 84 38836 1572 43
691 3369 7 16144 603 21559 9 10 21560 5 1082 7387 36 500 5
38837 12 38838 9 31 41 328 9
1257 9 8695 9 20 1620 9 206 24 101 1299 15
110 4 18 4448 12 601 138 3535 13 5
12 126 367 14 14475 7 547 21 247 71
8 3629 12 13 6 149 7 10 1389 24 10708 9
21561 167 119 6 233 27 21562 167 12 21561 167 6
13 14 2874 7 1612 22 6 231 9 149 7390 71
20 10 523 9 4 323 1257 13 7 10 561 9
120 29 1478 21 9 234 96 14 29 126 9
21486 9 36 26768 71 38839 9 21495 1532 38840 10709 71
12 1088 21 101 38841 5
18 105 4 535 161 234 21563 21564 9
12 25 16102 365 1760 110 19 11364 22 5
12 9086 332 1096 5 8 18324 38842 420
121 13198 9087 71 283 2072 38843
13 7989 11 3917 598 7 8 792 9
12149 9 18284 9 38844 5774 9 25 353
21 60 38845 12 4542 38846 9
80 10087 1070 12 6459 1300 5 101 120 14 8
4 21565 19 9 1474 9 12 956 71 110 398 567 551 243 9
28 4 320 36 332 21566 12 21454 5
38847 38848 19 29 38849 22 15
12 13228 332 2799 9 12 1432 332 567 26 1572 6
7 18302 8 10088 9 110 121 541 5221 5
18252 38850 1827 14480 9
25 28 9 110 1979 110 14 8 340 24 287 5
64 217 2739 9
21497 161 198 1827 101 14527 1385
3021 18325 24 178 213 9 2896 43 178 38851 6900 5
8 5956 1502 14 233 9 38852 233 9
96 6471 178 4627 18 11 1028 26769 9
3796 38853 9569 416 34 11 614 9 12
19 54 38854 243 547 7 11 5361 12 208 5
98 9 67 84 714 4299 226 130 175 153 9 12
28 163 4628 19 7 1211 161 9 20 178 5232
257 11 5233 71 715 356 5233 24 5957
70 4299 8 9570 21 1532 13172 2565 18326
121 38855 7 122 4456 9 110 38856 1202 9
7 8 385 21 1234 38 14 11 38857
60 14 8 1043 118 3917 223 8 21567 9
149 7390 9 149 7390 5 104 66 38 4631 2420 15
12 1475 1320 9056 24 14528 15 96 38858
809 29 339 13 36 5481 9 217 6275 9061
8 11386 21568 2013 28 10089 26 1236 9
3021 38859 1212 4 23 9077 243 55 9
121 3129 84 156 11 1074 18 178 5363 9
129 854 4 1353 7 2012 9 12 19 7 22 9
466 9 393 27 339 129 6
23 9 4 65 74 28 9 1446 601 715 161 9 320
80 54 500 1234 9 27 4 65 12156 5
28 4 9 18 38860 21 10700 12 7694 9
98 9 20 28 53 5
96 13229 22 18 8 452 9 38861 22 178 732 9
28 9 49 8 287 9 66 156 38862 4991 15
41 9 38863 9 126 236 13 1390 148 26770 5
4 65 29 536 28 314 11 411 21 69
2716 9 11 38864 9 130 11 38865 9
130 26666 243 161 110 4 66 43 10 1088 9
20 246 38866 189 13 544 9062 5
156 101 288 403 21 38 71 4 23 2866 243
4 7990 9 8 26771 14 26772
12 18248 633 38867 345 548 26649
101 3197 2565 26654 193 2240 7 13230
10 16167 14 38868 24 2930 9 2167 8 222 14 16124 5
96 727 178 820 12 38869 198 119 9
83 24 846 5224 715 118 38870 16168
110 1082 8316 38871 9 12 394 1532 507 21 1385
38872 12 25 108 854 19 394 9 130 107 527 1417 5
8 673 20 4 23 113 3737 18 732
96 854 29 156 22 83 11 18327 4170 5
10672 9 10076 9 10672 6
26 49 7133 9 84 23 38873 243 5
18315 7 8 3691 21 8 4165 10710 9
43 137 7 184 8 49 1479 18 128 9
21464 5 2345 1500 8322 9 18 11 3053 9 38874 9 43 1228
4 78 1082 14529 9 12 2737 106 1082 31 13 5
59 2505 9 110 246 1082 6453 2070 111 34 10
567 53 9 18328 10 2237 43 385 38875
28 31 16169 13 9 18 8 612 466 167 8 177
12 11387 243 13 9 38876 9 6882 1729 9 420
4 93 361 7691 70 8 38877 1866 5
13 84 1621 10 5620 5 96 2565 26773 22 9 12
223 74 21 365 264 26774 38878 9
466 9 2142 1080 121 12 121 1468 2081 71
65 536 7 285 13 5
223 7 4897 60 2666 14 5 101 613 93 29 312 5
13 320 29 1612 10 1068 5
4 38879 26775 71 2157 16120 10090 9
13180
18 4631 12 4233 21 356 3055 9
4 149 7 354 21 13190 10711 5
149 26 9 83 14 38880 20 19 71 236 24 23 11 485 5
112 24 28 9 4 9545 19 9 84 816 153 48 5
104 18226 129 4898 10 5234 18 2873 6
2961 12 29 2552 14 53 4041 11 2225 5
49 38881 18252 2565
2167 38 21461 9 2565 2743 178 2717 9
98 9 25 4 93 9 1474 9 27 4 84 29 40 5
12 385 26776 4099 6 13231 9 13231 6
605 18 8 2801 38 5235 43 1532 1088 9
38882 21 101 4627 18 101 215 9
184 47 1532 613 9 38883 96 14 9
174 21 345 21546 16170 5 4 1797 233
13 2774 25 148 8 841 5
403 41 38884 9 20 13 14 18 9088 5
12152 1572 9 38885 5
7 38886 8702 5 4 84 29 6671 1532 1648 9
4 162 262 13 1317 130 2388 9
12 236 153 18329 71 466 9 8 1088 118 21569
38887 14 11 385 38888 13232 9
28 342 4234 8 2772 5
80 31 22 328 9 12 4 84 29 8325 13 71
192 41 283 609
12 25 9 11388 22 189 9 70 972 9
4 84 5107 161 9 1474 9 13221 71 21442 8
41 9 19 854 1986 91 19 54 249 5
393 9 6275 18256 9 285 10 2143 71
1178 28 246 67 4035 5
41 2097 21 7695 9 20 8 6675 9 705 613 5
4 162 727 13 161 5
7 26735 101 452 12 7 38889 19 5
4 23 11 38890 3485 794 6665
38891 398 532 38892 9 112 26777
236 24 3406 9 12 285
12 342 399 10 476 43 3448 7991 71
5234 1827 19 9 12 112 312 12 687 11 10684 5
130 7 207 1525 1055 11 2115 21 5115 9
2924 9 21570 9 149 43 22 5 60 9 208 6 2666 14 29 20
178 612 9 10 1320 9 14 38893 5
12 96 8 287 9 20 153 7 21496 9
54 29 8 1235 112 5
19 132 7992 48 71
269 9 28 4 66 9 27 28 33 27 8328 5
854 106 11 18264 9 27 120 19 31 9 129 13 33 29
4371 9 149 9 4 1091 19 9 1474 9 394 22 8 3862 71
16171 14 1188 5 118 16172 9 118 16172 6 7410 153
12 528 1572 7 60 4099 12 60 311 5
96 12183 3488 3582 9 2418 10 4538 1602 9
20 2550 9 26778 9 146 29 1847 367
22 9 148 10 13176 9 13 14 41 8699 7 121 1000 9 1751
323 36 96 84 29 1211 1314 6461 24 215 9
727 19 11 38894 148 101 712 9
420 11 385 10091 16126 149 7 1141 9 307
130 163 9 130 163 29 9 1092 247 18 217 6119 71
189 19 854 2461 71 21 26554 243 38895
13 323 36 535 34 2166 28 314 110 67
10 2716 38896 7 121 9 12 126 2565
356 1082 38897 70 22 5 91 1082 26779 239 9
8 38898 64 13 9 1474 9 4 1315 13 29 5
104 439 19 9 13186 9 148 28 21571
10 215 1827 121 2867 6 2552 21572 9
38899 21 325 3445 167 14454 5 4 162 535 21 314
6674 28 4 65 21542 5 133 8 902 172 21
178 3197
80 18 3162 9 38900 9 54 53 53 1141 5
27 287 13 14 29 9 91 19 234 13 14 29 9
13233 71 196 3130 697 84 29 3306 13 9 80
129 8322 9 420 27 40 420 111 9 26 5
38901 167 4 394 19 55 119 9 12 26780 167 4 23
40 9 148 10 541 24 819 9 12 28 24 290 9
466 9 28 13 172 110 49 110 13 14 601 6
20 13 14 6882 5
21573 38 568 4 23 114 11389 5
12 9 192 18330 8 2900 43 178 21574 9
7 3021 758 21575 1814 3582 14469 265
129 163 19 36 233 27 2875 20 19 54
112 24 11 59 442 8 284 6 98 206 24 25 1391 9
612 8 2447 6683 67 31 810 5 2717 323
21512 9 31 19 285 15
7 161 38902 18 1395 38903 2672 5
18 8 1261 21 12161 3980 71
7 5477 43 22 11363 85 5 198 6
23 19 4798 71 13 14 10 1828 24 462
18 38 356 96 2553 25 2421 646 71
11 297 5
8 4627 14 9089 356 96 3489 26 40 9
1474 9059 6
36 221 9 18331 2095 7 31 12 14483 171 36
4166 36 1320 21 14502 9 12 178 4104 854 1157 34
21 9 356 18332 7 8 6114 25 108
1205 21 178 3050 1300 12 1896 210 7 13 5
84 1157 11 38904 91 8 50 14 3131 9
2666 14 29 25 9 4 137 5
1234 31 332 517 13234 673 403
307 19 9 206 683 112 9 11 1314 208 12 122 249 18
8 118 19 1011 22 9 4 84 16173 26 19 71
10 26612 21 1572 9 356 26781 9 4 78 9
492 198 9 4 1091 19 6
27 547 21 19 172 9547 243 4226 12184 24 16130 9
67 132 162 273 339 67 23 38905 1572 160 9
21464 5 6451 38906 9 43 8687 9 38907 9 38908 9 26602 9 12 38909
19 854 36 197 13223 24 43 659 7133 71
4 132 361 20 5624 9 120 19 84 29 198 5
94 22 62 41 7687 2485 71 19 172 288 234
4 84 7394 43 38910 6662
7 26782 217 38911 38912
21 28 2309 208 28 66 21576 178 55 15
110 2014 21 8 926 24 14520 5350 9
4 6673 101 1110 71 120 19 84 6673 8 21577 9
18333 22 6450 10 613 24 128 9
12 91 126 14 38913 9 18229 9 38914 9 4459 9
83 5
18207 5108 5
4 132 29 7 145 10068 9 236 22 367 9
6451 21578
2344 133 18 201 200 5
275 71 12 7689 283 1721 12 385 1029
60 163 8 2283 31 43 365 38915 6662 15
16174 2168
4 66 12142 101 10704 167 4098 7 153 9
47 21 101 4233 19 1257 71 67 9 216 38916 9
12 585 21 325 3445 5 27 1797 29 196
38 4793 21579 18 38 877 5
1235 121 5 348 839 19 9 18334 6 13218 54 19 3127 15
21544 1532 6684 18273 4460 178 38917 5
94 8 4226 2565 170 162 11 208 9 27 74 28
445 43 332 12158 18 732 9 20 356
163 1797 7 16175 1572 71 2737 36 1213 187 243 71
129 2349 22 3406 9 43 3974 4 273 10 2870 71
16122 9 16176 9571 20 1532 12185 5
91 96 28 6276 153 26783 345 28 285 5
4 64 18 1838 34 10 10092 20 2873 9
45 18 9 12 4532 29 9 48 265 854 36 111 5
18335 2344 9 28 1082 1096 659 9 14 385 38918 9
96 38919 12 12186 243 198 101 7134 9
101 38920 5
454 42 38 38921 5
120 19 94 595 9 38 674 84 630
7 4532 43 153 28 4532 5221 8706 113 1193 9
96 14 3371 9 16177 43 38922 21580 12 26
12 112 6472 19 7 10 1320 10683
7411 1827 11 1586 21 4887 356 8 26784
564 21581 7 13235 9 28 14 113 59 71
12 38923 332 14526 12 332 407 9
12 9 20 8 131 40 14 219 3336 9
26785 161 9 167 26677 126 9 9572 3273 4896 54 221 9
104 180 854 4 36 4378 15 556 9 104 180
12 60 323 510 9
285 8 26786 10712 356 5221 1106 394
18 8 38924 1994 9 2157 49 348 9573 24
6465 4 38925 9 4 84 3132 10 4983 9
323 1390 1827 178 6114 12 21582
130 9 148 8 3973 9 38 2616 172 457 101 82 5
28 96 854 10713 715 10 8328 5
394 113 38926 7 8 16178 26787 5
86 1091 178 38927 111 9 1785 96 14 41 149 71 148 16139 9
4 31 4796 110 38928 5 25 9 5469 19 111 9
80 234 9 18 193 38929 9 12 1797 243
8 7988 21 50 5
7 149 18 7 8 378 304 118 248 5
8 10093 14 101 532 5
27 9 120 1082 36 11 1299 9 189 14 1532 4452 15
466 10 59 1320 9 28 3234 683 53 252 9
207 10 1784 43 19 5
163 36 13236 34 217 4890 7 247 5
25 234 4 5109 19 54 4899 5
28 4 132 1202 31 9 12 9 1753 290 119 9
8325 217 1538 71 18216 475 5
199 1082 38930 22 26788 1827 10 128 5
1091 9 714 13 160 12 503 19 71 91 38 4308 9
120 67 3025 28 9 67 54 274 374 5
4 132 1708 9 148 11358 9 161 28 16179 22 537 9
29 5228 7 1211 4626 24 1230 5 2696 5
8 1001 19 23 14 27 11 819 174 1299 9
644 9 38931 38932 5
18336 27 11 18337 21 215 9
70 356 3972 854 67 562 161 107 9
174 832 358 247 18 563 80 3128 8 659 9
110 120 96 66 26789 60 96 5779
3021 5958 7135 38933 1845
18 16180 2896 8 6895 21 101 1320 5
1751 541 9 962 9 1751 1620 24 10094 2445 5
26 153 7 450 12 6901 148 290 5
4 84 2866 13 7 38934 19 5
4165 926 9
8 1564 15
40 14 96 1641 38935 9 38936 3740 243
5101
126 33 53 59 20 22 71 27 9 110 4 319 9
11 208 18 108 8688 43 8 1299 9 12 2158
19 1157 1827 8 38937 12 10662
28 38938 38939 6450 121 21583 9
36 38940 9 12 18 178 105 96 146 201
12 187 243 48 345 28 1708 153 6 4 66 285
26790 161 43 8 1333 21 178 541 9
8 21584 96 6663 26 9 1751 8 10088 21 21494
130 457 11 2289 71 8 38941 174 10714
60 38942 510 161 7 3584 9
38 33 122 363 1666 21 8 85 71
38943 243 18 705 996 9 4638 358 1827 178 1230 9
348 12 10058 2528 9 10710 12 1620 24 138 9
331 83 29 36 11 6113 18 4444
2866 2666 9 130 457 67 187 1572 5 167
38 7687 14 7136 1613 9
6451 21585
184 26791 4626 9 120 19 246 3236 6
110 178 1191 5 12 1082 16125 288 307 18208 9 20 120
120 26 10 1808 19 2995 2397 25 353
14530 9 110 96 805 9 43 38944 9 28 13 14
67 132 228 1827 101 11357 5
180 312 126 25 6 12 180 312 19 7 94 25 6
122 120 60 26783 161 854 4633 19 5
4 854 36 2286 148 10 1156 9 96 2565 255 22 11
12 681 2504 113 6685 258 130 118 5
18 1856 12 18 1917 9 49 11 16124 9
96 14 101 1156 26 11 38945 71
38946 7 332 1828 24 18338 5 83 33 11
2742 9 101 5953 9 356 19 234 14
13 14 193 131 5 149 9 198 6 420
12 112 96 683 5 60 854 36 179 9
269 9
8 21586 9 1091 19 9 48 38947 5
226 8 4226 9 12 7 8 275 21 9558
112 24 8 1253 21 8 1088 62 71 48 8
7 128 10 1828 48 5
691 6473 603 38948 9 91 1082 7387 23 16181
2896 621 2565 8 21587 50 11 3636 9
7 559 14 7 7410 9 12 7 36 16118 14 7 1157 71
503 26 10 904 9 12 236 29 38949
8 3920 1584 7406 148 85 71
8 1230 21 8 4167 2504 31 3332
157 70 8 12187 66 178 548 2081 11390 9
12 4452 60 4 21539 43 588 1479
14 13 101 84 16182 854 687 117 15
70 258 7 258 9 8 13237 9 38950 9 16127 9
1253 25 10095 110 1082 38951 21 71 4 84
398 1257 21 38952 26792 28 445
10 1320 9 38 14 26793 18 19 71
1979 153 466 167 8 692 5 20 290 9 4 132 358
6451 11 11375 9 43 2901 9 38953 9 12 1170
101 11357 5
10096 10 4799 9 361 10 744 729 71
111 9 120 19 172 27 122 4456 21 4626 171 223
12 200 1845 9 16183 22 104 4 93 5
4992 18 178 1088 314 38954 12 286 21588
12 2866 122 249 21589 5
12 23 11 4628 9 110 10 1828 854 21590 420
12 625 5116 178 1977 70 178 523 5
70 14531 4226 21 10682 9 8 1754 819
26794 9 926 9 926 5 167
4 78 29 104 4 23 4798 7 492 257 10 1320 24
12 2349 1532 1068 7 11 38955 24 145 9
1474 9 110 4 94 5
207 3234 71 96 41 118 854 106 10 452 9
12 14483 161 7 714 480 7 8 1047 5
14 196 7 612 8 2818 71 5469 19 111 5
4 2995 101 38956 10079 7 118 4888 71
178 18339 9 356 96 2565 29 9 96 331 34 113
96 64 8 1000 356 4 93 111 11360
1893 101 10086 9 33 962 7 101 429 9
118 26795 223 664 9 120 10 7137 23 567 5
4988 14 26 8 9063 5
148 192 161 9 375 1331 41 686 5
21421 217 7412 12 8 21591 1013 9
9060 1130 5
2666 33 398 9 2666 14 178 9 12 86 114 5354 7 6670 71
8 5361 2565 1521 13238 7 45 43 161 5
466 9 2666 14 601 5
126 14 1515 10685 5
9090 7 13 148 101 613 5
111 9 129 9 28 24 8 8685 38957 5
27 9 110 4 94 9 420 20 2158 133 4 1257 9
98 9 48 8 7679 28 172 172 21592 537 9
8 4627 9 1474 9 28 8335 18 101 659 567 9
23 332 500 7993 71 3584 9 8 3867 21 7395 9
126 33 112 157 40 9 126 16184 22 18 424 429 5
19 2138 365 475 496 18 110 475 122 1130 5
112 1096 1082 18 1980 1829 12 659 9
4706 21 13239 9
4 31 315 28 365 38958 54
60 9 38959 9 4 234 6
31 28 59 18340 356 323 156 38 1798
1532 147 5480 38960 21 10 38961 9
26 6120 21 11 4993 3582 14532 9
45 1082 198 71
83 24 48 8 128 80 1612 247 5
29 71 178 8336 14 7 36 554 578 9 27 178
120 28 8 5625 36 21424 6678 243
31 110 4 4163 19 9 1054 3635 175 19 71
130 457 19 323 1329 304 101 381 5
129 84 4 1342 8 38962 24 13225 26
236 8 1500 23 11 11384 4 17 9 7 38963 34 9 120 13 323 36 5
21593 5 4 106 153 1342 332 2799 729 7
45 7 101 503 9 34 85 67 132 5772 729 71
10 1320 9 101 1262 2902 40 14 149 5
162 66 11391 3235 118 16163
13 4715 67 2896 18215 9 130 457 41 7696
120 1082 14479 29 114 2485 8 507 21 1234 9
60 9 66 365 2529 2384 200 113 128 21 6882 15
149 9 216 1163 71
178 9574 12 178 11392 18 11 429
12 4 163 2211 8 38964 21 178 4891 9
466 9 1091 9 1091 9 1091 6 38965 38966 38967 5
8 4165 7691 7 1525 9 80 66 2866
1205 13240 13241 12 1205 26796 4543
217 581 12188 247 9 12 217 9091 26797
101 1320 5236 40 20 381 5
3860 2645 18 424 214 323 667 10 2109 6
31 19 285 18247 9 1474 9 21 11 2698 7688 15
60 67 78 71
38968 5 1489 38969 654 2118 3536 38970 15
866 153 5 40 9 172 29 4 11 201 2398 12 197
148 10 13176 9 4 33 12189 20 11 2505 91 4 343
14470 21 398 532 1310 1631 18 10 5363 9
1827 8 4457 21 1205 5
134 96 36 2623 25 2226 7 36 2552 9
133 207 121 43 48 12185 9 12 381 374 5
466 9 4 23 670 8 9574 21 11 128 9
4 78 29 9 9075 9 27 4 78 13 14 9
28 48 8 38971 356 172 6121 243 12 21594
12 10 13238 9076 835 243 38972 226 6
38973 178 3630 9 12 36 21595 7 8 200 9
745 1082 6453 745 1055 10 128 5
2666 14 40 27 1205 4232 71 67 23 291 191
91 80 84 29 394 11 26798 7 13242 11 742
7 38974 38 50 8 2898 287
6473
206 1142 38975 7 10699 332 1716
18 385 4994 389 5
104 26799 4716 323 36 288 38976 9
9085 26 38977 9 12 41 6901 64
12 454 13 7 217 137 5 4 132 29 1047 43 1572 5
43 8 38978 1310 38979 1532 476 9
361 659 5 126 14 6892 185 9 1474 9 43 3274
130 8 251 26619 356 547 21 153 23 21596
91 9 2239 9 91 15
23 21415 8 38980 1299 49 7413 5
26800 4 3637 8 2195 377 34 239 9
26801 9 20 19 320 36 10 38981 5
613 9 8 69 12 952 38982 11362 71
64 795 114 1013 9 129 795 64 445 12175 5
26802 9 110 38983 9 14533 9 12 25 71 680 21 8
7 217 1391 18341 15 59 9 59 10 1320 9 38984 19 9
466 797 2119 6
34 22 9 12 96 28 2962 22 9 236 161 36 26803 26
104 854 4 78 120 4 31 2139 8 138 15
286 21597 12 220 16098 5
4 167 8 13243 21 11 3275 5
4 84 9 1474 5
18 732 12 137 21 1978 71 27 67 31 944
149 9 1474 9 198 5
11 2084 119 9 38985 6 5480 6 167 2345 10067
12 43 178 2141 9 2896 10097 13 18 14460 9
394 22 101 732 5 104 146 101 4629 15
4 123 184 18 10 476 7 8336 10 208 24
6902 9 1385 9 160 7 10 2081 71 112
110 19 54 249 12 26804 9 19 163 36 3731 5
2329
2924 5
4 132 652 7 12179 21 1170 5
1301 41 21598 5
11 7687 28 111 5959 11 248 71
2082 1331 9 4628 178 907 9 349 161
14 6885 24 38986 71 457 25 1532 5237 6286 561
14524 9 156 158 71 8 59 21522 5
43 8 38987 16185 34 332 2483 9
4 7138 332 38988 71
12 4890 3162 43 795 5 21 48 8 4799 9
8 1063 3233 21 38 6107 676 5
98 361 19 22 128 15 361 10 620 25 5
121 147 8692 5
78 21 101 3088 9 21599 111 101 1088 9
119 6
4 84 36 43 19 5
133 4 29 23 9 27 2550 163 667 4299 9
148 101 273 9 2214 6
236 1814 3582 10062 149 1055 22 9 12 394 22
365 2169 54 49 8 14487 21 8 442 9
705 38989 9 363 93 1532 4165 563 38990
8681
28 234 25 21 161 5 206 54 80 15
1474 9 10 215 14 1417 9
25 7973 12 25 38991 71 96 14 361 243
442 9 236 178 26805 4796 18 24 2166 5 4 65 20
2085 9 130 9 20 1532 118 705 5112 9 11
10 21580 18 178 10688 12 13179
27 4 132 6450 178 9550 9 12 7138
133 4 172 475 9 25 19 66 312 119 6
691 3369 7 11374 603 4 65 138 536 28 96 24 25
8 7127 10667 16186 19 48 148 22 9
12 12190 18 11 7139 385 38992
96 14 147 418 75 13 5 27 9 613 9 4 93 349
691 3369 603 41 1235 21 28 9 20 4 23 474 161
236 12187 38993 20 425 9 236 208 45 500
196 7140 29 48 8 7978 1827 1331 9
4 23 114 4 167 8 26806 9 12 9 1474 9 2666 14 1097
21417 9 189 54 19 1257 9 122 120 19 285 9
7 21600
27 9 25 13 14 9 13 14 29 5 33 38 863
111 9 236 121 36 7697 5
43 5471 3582 3374 9 12 7 4235
14534 7 178 6474
2896 537 119 436 18342 70 8 16187 71
4 66 29 106 101 3197 71 38994 26 10 990
110 111 34 726 2903 110 34 8 6475 5
11 297 5
4 65 103 28 4 65 21601 18 161 5
5765 9 19 320 149 7 101 1729 5 14494 24 249
4 132 1047 34 2115 5
1572 198 9 6476 1532 215 257 795 9 1532
110 2721 110 4444 43 16188 5
1612 8 578 3406 9 96 854 29 149 75 121 9
21 41 118 2081 1751 6287 20 8 442
4 132 156 7698 21 10 2082 43 19 71
19 9 5765 9 20 19 54 118 38995 2485 9
461 8 9548 21 122 38996 4302 5
10 7699 4452 21 4451 6 12 345 8707
13196 96 331 8 1299 178 1320 14535
121 16189 79 5
14536 8 585 4 23 5
236 3918 36 12159 7 178 1088 9
19 23 71 4 757 13 133 36 101 824 5 111 9
10 26807 18 153 9 12 25 62 94 21
172 9 12 4 148 161 9 34 48 6686 9 25 67 172 1573 112 5
20 22 9 36 19 38997
356 67 31 9557 9 110 67 5776 18343
454 9 101 38998 585 5
4 163 1422 28 356 4 234 4 333 9
31 29 38999 1572 9 1268 71
21602 18 38 2131 9 20 112 67 23 41 5960
12 108 39000 21 1088 5221 156 22 8708 5
2924 9 27 9 148 101 273 9 29 226 22 9 8
12 16190 22 7 822 130 753 290 71
14 39001 243 9 20 4717 133 29 3868 9
60 11 3265 5771 1082 7 31 43 8 69 21 8
4097 9 120 19 133 358 22 7 18344 130 7 867 20
12 310 8 4980 21 405 6
7 285 8 2601 9 12 9545 126 132 2673 161 79 71
1612 11368 9 49 11 6887 9 7 8 1881 9
2505 9 2505 9 2505 9 4 234 6
18 8 193 732 21 348 4 1157 9 12 18201
38 3737 9 111 6477 9 854 36 39002 5
39003 9 26808 9 1092 9 12 21603 9
7 921 178 9575 71 27 120 19 45 9 420
12 5107 7 3629 13 7 10 21503 5
3734 21 1088 9 19 163 25 78 22 5 8
161 112 15 66 96 835 20 22 15 189 6115 96 15
8 39004 21 21604 9 26809 9 39005 9
4097 9 96 528 22 25 2095 9 12 96 319 96 7994
130 387 148 217 252 640 613 24 795
29 832 18 10 563 9 134 2741 18 10 1062 5 13
4163 424 2084 36 62 71 1404 196 119 6
10059 9 10059 9 10059 5
28 39006 178 39007 18345 7 8 2213 9
189 14 26810 8 18346 15 2096 161 3406 71
26811 9 4 1354 9 4 11393 9 4 26662 9 26811 9
4 757 39008 36 11 6288 5626 71
7988 8 8709 12 16191 8 3797 4299 9
404 5
1257 8 2616 9 4 1091 19 9 110 4 18347 13 7
148 26812 9 27 4 94 96 1492 13 29 5
854 39009 48 8 2237 21 2108 9
45 7 9 19 54 29 9 12162 5
51 10 1320 26813 178 8686 5
199 8 39010 2081 21 26814 14 12170 5
129 9 4 65 274 9 19 78 104 108 8 1391 1602 21
26815 12 2997 9 8 26816 21 332 1252 9
12 48 8 4717 14 9 96 3056 153 42 53 5
28 1310 53 1631 26 8 13190 9
3057 39011 15 3057 7414 16192 39012 11 6289 39013 15
41 9059 9 1515 9 20 9089 18212 5
3021 39014 12 4711 3410
70 25 10098 11 5960 9 7 39015
23 39016 12 13244 49 7 332 18298 9
466 39017 18221 6 2552 7687 6
8 21605 14 26817 15
1751 2344 8710 379 8 3375 21 8 993 9
2737 1333 71 4 290 133 23 41 927 9
10687 22 7 8 4792 21 101 11357 9
4 854 234 25 7 161 5
21 26578 9 28 172 39018 20 38 21444 6
7 74 28 93 10 523 18 161 14535 9
1474 9 4 1301 26818 5
26819 6 1313 9 26819 6 6450 8 1109 2998 71
21 365 39019 9 7 394 22 273 9
466 9 28 11 208 163 1257 345 1027 7 22 6
466 9 149 9 39020 9
19 6108 11 1093 5117 118 71 149 9 19 854 26820 9
11394 9 11394 9 11394 6 466 9 4 23 170
2924 71 8 6675 285 22 6
20 203 5228 16193 26 12149 9
118 18348 121 223 14 1272 9 12 118 854 36 1272
21489 7113 6 565 223 21489 6 45 9 9552 9
1157 596 9 4 285 153 305 5
1082 2721 26793 12 39021 18349 6
59 10 1320 9
84 19 1310 160 12 503 1827 8 39022 15
12153 9 2012 9 236 24 1157 3369 12 106 8 311 21
12191 189 19 84 19 854 29 222 43 22 71
70 26821 7 26821 9 5780 7 5780 5
7 4452 10 1385 43 4639 9 36 13 262 12 221 71
161 9 20 126 132 36 42 5471 373 11 85 9 12
67 132 156 11 18243 39023 26 101 39024 71 4 26820 5
179 9 16112 12162 9 31 4 207 101 732 9
130 101 532 4627 7 9560 8 1386 9
12 731 112 8 283 4541 9
1827 8 2523 4718 34 39025 9
43 38 39026 243 609 71 609 12 3161
149 9 7 217 9576 5
41 1828 178 819 21555 71 2343 7 349 1572 9
6465 196 8 3274 21 385 39027 1178
7 3691 10 291 1300 70 332 795 71
13182 39028 66 48 332 14537 7140 9
12 112 26549 243 148 121 26822 1729 9
189 67 21455 7 5351 21422 5
217 193 6478 24 39029 243 5
26679 700 5 2345 1500 8322 12 13203 9 11 6887 731 153
128 9 2737 9 12 26823 18350
27 120 10 12192 4714 12 14538 21 1539 9
39030 130 26824 18 121 2197 9 121 792 9
969 11 651
104 9066 1082 26825 15 104 26779 1082 7390 15
12 96 323 111 18 26826 713 178 18351 9
33 18 8 1116 21 424 4379 1163 9
19 163 184 171 2646 5 60 24 7 31 15
49 5221 1573 49 9 12 9548 62 20 9548 5
134 2873 2095 12 314 195 5615
12 129 11 563 358 4 17 9 423 217 39031
14508 5
10 21503 927 71 96 14 39032 36 16095 12
27 83 24 41 6883 9 4 854 824 13 5
14 83 41 1533 467 18 8 2227 9
34 39033 9 4380 13175 12 8328 9
70 969 5355 356 252 4 2740 5
462
7 1620 618 161 9 130 21606 161 189
18 121 6109 5
4 1091 19 48 9 349 22 60 80 2070
93 7696 43 22 28 13 14 29 25
10 541 71 1828 12 541 14 208 12 962 9 208
4 589 19 9 59 297 39034 5
12 28 96 14 11 3270 9 29 1532 819 71
25 854 10 612 43 21581 24 1992 36 7690 9
110 291 39035 6668 7 423 24 4099 9
2897 13 29 9 4 132 23 161 3406 10068 71
3271 7 310 121 18352 34 10 1221 9
38 1221 24 10 2166 71 112 23 4 338 18353
339 14531 24 1564 3376 9 178 163 29 11395 71
39036 20 233 12 13245 3449
356 10 820 14 18 193 21607 5
2487 21 10 26827 9 12 196 4 84 29 7415
18 39037 2993 3026 3535
12 70 178 10688 12147 38 832 9092 6
691 3369 7 21428 603 45 753 9 1474 9 753 6 349 22 21
236 22 36 482 43 4627 71 39038 22 136
60 1404 19 132 156 9 10715 22 71 20 10 523 9
2667 71 4 23 6465 40 9 1474 9 114 171 1858 7
21 59 39039 9 12 10 2213 7 12168
2241 33 566 21596 5 80 23 8 2343 21
13 14 29 21608 96 14 9558
1380 1082 21609 22 39040 420 8330 29 595
174 25 18278 9 349 161 96 16179
47 21 8 222 5
40 9 1474 9 121 1828 6903 13 4793
66 101 613 349 19 104 4 26650 7
26828 4 20 28 34 21610 2550 24 4800 15
118 49 122 14539 223 4226 12184 24 962 71
12 192 3490 161 70 101 8326 4302 9
4 133 4 757 1532 476 5
4 84 9 91 19 54 10716 9 4371 9 226 9
7 3055 9 466 9 8 69 9 20 9 556 9 10 39041 9
98 9 129 7995 22 1987 19 84 130 41 5
8 39042 43 201 39043 9 420
12 18 10 12165 21611 243 13195 24 4544 6
8 11396 9 134 21612 12 475 226 9
3869 243 18 121 16194 5 126 64 11 39044 1797
199 60 3866 14 2721 16195 5
38 3638 4715 8 4099 2488 111 5
4 23 1462 180 374 71 10 158 21 215
29 124 9 1474 9 38 101 39045 2505 9
39046 3584 39047 43 5353 21518 9
8 18354 18 10 7987 2896 10717 22 9
96 14 18 21613 5
691 7 1299 3918 7996 603
2182 11 21614 9 167 436 96 9 12 3589 26829
4097 9 1474 9 36 171 13246 9 12 36 18355 1701 5
10 1070 148 1318 22 7 8 2616 21 26830 5
21615 1055 332 13247 5
8 6904 21 2550 9 5781 21 4309 9
753 121 122 39048 1827 121 18236
64 13 217 612 9 8 5949 21 74 1814 9
5472 9 5472 9 20 10099 6
206 64 9 41 1227 9 113 4165 8701 18 121 9
120 38 9 130 118 223 38 9 4 133 6673 9
349 22 9 9093 9 20 1532 13248 24 128 9
691 3369 603 7 5961 121 673 71 126 24 53 1280 20 22 5
854 67 332 6479 14540 106 15
13182 2550 62 6
691 3369 603 4 78 153 48 9 134 80 1098 22 514 9
4 12153 9 31 29 1077 22 7 398 11359 9
12 48 8 26831 18223 26 1532 18356
121 9074 14 39049 9 29 18310 5
39050 26832 80 23 9 1391 9 1391 9 1003 9 1003 5
7997 43 1320 2239 71 12 9 4 1797 9 1474 2132 9
48 8 39051 18 8 442 9 7 839 10 215 6
3132 19 7 178 1068 5 4800 1331
12152 9 39052 9 13 508 6 27 60 9080
683 29 15
691 5101 603
25 66 96 22 71 12 96 41 118 7700 178 541
2924 9 1474 9 189 2959 28 15 120 12166 11 39053 9
12 129 4 6459 1572 9 2929 21 1532 215 9
23 11 1992 7 5360 10 613 24 795 9
8 2523 2343 21 13 14 9 4 23 41 1242 9 4 45
206 8330 28 1370 15 14 13 10 926 541 15
466 10 1320 26673 9 5469 19 111 6
25 9 39054 9
38 5468 18319 9 1474 9 3021 215 4 23 14510
10 11390 2565 26833 7 8 12193 9 12 14494
196 9 7 2509 21616 9 4 376 7 944 9
12 1838 247 83 1827 39055 9
269 9 4 31 94 28 19 331 6274 161 9
3482 8 1754 9 10 9543 9 64 2386 4983 71
2867 12 10 476 21 4544 9
466 9 19 12 4 23 535 217 9070 234 9
14 13 8 2486 9 28 21617 9070
40 13 14 8 69 21 85
60 26834 9 148 178 10704 167 456 21 1564 9
13 14 41 7701 26835 9 4792 9 130 39056 9
5108 348 9 128 22 12 10100 5 83 84 4 273
40 96 39057 161
148 8 1622 4900 9 4 31 3485 1572 5
349 22 18 1732 9 206 14 28 19 128 5
537 148 8 1299 9 12 680 373 16128 148 1572 5
19 349 247 8 12146 21 8 7702 5
2551 18 6885 24 21618 9 41 9094 686
21 28 39058 5
43 18233 6
121 396 9 60 3268 15
1751 108 26836 243 153 43 193 39059 5
12168 29 9 1082 39060 6882 532 5
108 5 41 9 96 854 29 7416 11 7974 18 178 16127
601 6 4 132 36 6668 80 54 601 5
4 133 673 23 74 21 101 1828 24 144 5
39061 12 39062 6467 5 34 101 4801
1320 9558 9 192 10711 7 2344 9
1751 2196 8 2197 9 110 1274 21619 84 9
192 11 819 12 231 9 261 14473 6885 9
4461 18 8 13237 28 96 6290 9
3021 1213 39063 570 7 810 74 476 9
16196 563 4 167 8 442 9 4 9082 18 26837
8 1299 84 6463 62 7 839 178 215 9
4 9074 7 94 1827 38 39064 5
66 4 29 4163 1572 595 22 18 8 860 9
691 3369 603 4 757 121 111 9 126 33 11 21620 5
148 25 108 14 8 808 18 39065 5
691 3369 7 10682 603 8 1267 14 255 9 126 14498 13
207 107 178 39066 5
39067 8 18357 2773 12 8 2624
41 9 41 9 148 348 24 59 3197 178 819 854 11395 5
67 66 9 25 224 101 10704 5
120 126 36 26838 43 122 6457 1156 15
19 1830 9 1474 9 19 1830 9 1474 5 1091 9 60 31
110 39068 13249 9 110 1514 9 110 6283 9 3232
12 551 21621 26839 3687 5
7 156 11 21532 26607 14460 21 22 71
80 5962 26 547 5782 5 104 14 13 9 10 1320 15
36 4452 243 43 21622 28 1572 367 14499 6
1353 148 28 28 14 29 9 19 54 29 16133 71 41
98 9 18358 9 14 11397 475 15
10 476 14 29 21554 43 10 732 5
8694 130 6122 33 38 1309 15
8 9577 9 236 161 307 7 178 5781 71 96 33 401 7
18339 7 6901 178 7395 43 8 16107
19 9 28 66 8337 101 26840 1827 10 4450
21500 238 16184 8 1891 563 9
4901 39069 71 5238 39070 11 208 43
39071 7690 178 1068 9 339 9 70 74
91 2448 19 153 15
104 353 2666 14 13207 5 120 74 21 376 10711
38 14541 96 9 110 96 14 11 2739 9 14 35 9
111 9 83 24 20 19 71 273 247 5
10695 10663 9 39072 5 167 1474 18359 9 38
26841 6 162 349 22 9 4 207 13 108 39073
1827 25 3586 11 3235 110 290 6
27 120 19 31 9 19 132 156 22 88 11 4444 9
466 9 2666 33 11 3978 7 13250 11 2742 24 1130 9
189 14 28 18360 15 667 8 7113 4299 5
28 356 178 4165 18298 10085 43 2272 71
4 65 536 7 106 101 4627 18 59 2236 5
120 4 7703 108 9 19 84 313 8 21623 5
12 424 13175 27 11 904 5
104 5221 10 640 39074 9 1532 6102 15 26842 126
14 14542 223 11 39075 24 10718 9 420 130 535 9 420
43 19 5 19 320 29 78 189 96 39076 5
47 21 11 193 1193 21 249 2960 4 4301 4299 5
149 9 234 101 1784 5
104 123 96 106 178 158 7 5107 47 19 15
10 21564 320 4 273 7 1572 71
20 4802 4544 12 13251 39077
148 10 13176 9 1082 5771 122 551 732 5 365 3731 1234
356 14 8 2445 21 5616 15
43 4714 21 2284 75 178 13252 1033 71
705 1320 6 104 8316 1082 9 59 1320 15 167 38 331
835 60 1082 6453 5 28 4 64 319 12 221 6
14 96 29 513 15
27 101 8711
39078 71 12 8 13183 39079 21 12194
7 249 39080 9 217 2840 39081 5
21421 247 71 4 23 110 108 21 10 1828 18 22 110
28 24 196 39082 71 667 22 27 47 34 4980 5
101 3197 33 401 7 1603 9 14 321 230 5
49 11 216 18232 9 39083 26 8 2568 5
149 9 149 9 236 247 13207 71 38 323 4630 377 7
3021 39084 21624 2737 54 385 1649 9
14 83 118 21487 15 261 1082 8316 394 22 2240 9
10 11355 1320 9 16102 1331 43 2096 71
14 21 11 1299 1580 11 18228 243 208 9
2565 1334 221 39085 7 8 2288 9
11 5111 4719 7 161 5
120 4 78 19 111 9
575 60 4 349 19 5
1157 4299 9 12 43 5239 3863 5474 60 19 9
466 2214 9 466 2214 6 39086 64 114 221 6
2666 14 1082
424 50 5 27 9 4 11354 101 3197 9 6274 22 71 4
21557 332 7679 9 3021 7704 3918 4792 243 9
10071 4 36 863 71 29 8 39087 200
28 233 93 39088 9 233 27 1088 9
14517 13 129 12 273 6882 26809 5
12 18361 4 65 12170 9 605 7 8 1299
96 437 110 325 9 1474 9 110 6885 86 9
104 40 6 60 496 15
854 36 7 101 59 9 20 10 1828 24 222 12 48
11 2084 2167
8 462 21 8 39089 6 862 9 10 16197 5
8 1212 21 398 532 684 9 12 8 476
4 589 348 9 4 589 348 5 8330 601 9 8330 601 15
26843 19 149 7 78 13 9 824 22 71
6107 8 1088 28 236 38 1088 70 3406 6
74 21 332 588 9 28 26844 48 110 26845 9
291 12185 9 6884 9 28 635 12 59 11367
4 4902 1515 13 2565 29 7417 9 12 101
19 5
954 265 156 4300 1234 2309 71 38 7113 112 9
652 275 9 12 327 18362 9 20 12171 1094
129 2349 8 158 9 59 1828 9 12 6675 25 3925 9
48 5 4 12153 9 207 8 11398 47 21 1532 1116 28
8 39090 21 178 10719 243 21625 15
12153 9 10 1299 9 36 1167 5 26664 1082 112 9
72 9 690 9 12 166 9 505 21 1261 12 3738 9
43 22 261 239 19 757 22 5 27 9 4 1091 19 9
41 9 1474 9 4 9545 19 5
27 4 84 45 5 45 19 226 22 9 9552 9
29 9 20 8 16198 21 7115 9 4 64 39091 40 5
4303 19 5
84 824 217 137 18 1564 21 11 1299 9
1202 9 104 2666 14 49 7 45 5
12150 19 7 14462 178 819 9 206 86 420
12 25
39092 16199 1532 216 476 7 1389 71 310 1532 935
236 13 36 25 71 12 19 9 10 4165 2739 9
618 1572 148 22 9 332 16123 12 332 1708 9
12 4163 10 297 9 20 1523 21 38 59 496 9
3267 91 96 280 25 26846 5
10 6897 2242 47 9
163 427 8 39093 21 10 215 20 122 308 12 11 3590 5
4 66 9 43 178 3055 43 926 5482 9
2924 9 27 1082 7387 29 45 5
20 217 3972 26 8 3923 2999 5
148 26847 16156 243 9 49 11 793 21 16200
7 26848 18 314 11 952 5
39094 243 12 743 243 8 561 466 17 18 2095 9
110 4632 24 252 39095 21626
7141 39096 47 21 101 39097 9 4 93 349 19 28 71
2167 39098 7122 71 189 96 2565 646 9
18363 60 4 84 36 9 29 60 4 23 114 9
10 39099 2565 6687 243 178 1992 18 4887 71
13253 9 2716 39100 5 354 29 21 2716
854 1532 59 1729 9 12 1532 613 39101 9
2924 9 20 1309 21 11 171 5
48 23 29 4794 9
43 5944 18364 64 319 34 537
466 2716 9 28 19 123 6
148 26812 112 9 206 439 18 11362 20 13 5
223 13 163 31 8689 7 2132 13186 9
133 67 64 2385 729 6 11362 67 20 13 71
27 1234 54 1234 9 8 288 621 903 71
196 6675 23 6101 20 38 7134 6
398 567
43 49 3972 26 8 283 712 9
4 854 2842 153 4229 9 236 8 6123
1055 8 16187 28 133 23 2345 243 8712 5
39102 9 5118 39103 39104 5
91 11399 255 19 454 8 841 107 9
4 854 1422 13 25 5
12 184 41 11369 15 236 247 9 10 14468 9 7 1525 71
12 323 10690 8338 42 332 3232 26567 6
12 118 223 28 9 96 93 1257 1013 9 12
1827 1532 4995 4626 5
199 9 18284 9 8 1299 21 18365 14 4452 243 5
18 314 11 1042 394 22 273 7 403
96 2959 29 49 8 978 5 466 10 476 6
4 84 547 285 12 4902 19 101 4996 5
2418 291 3582 18366 148 8 258
21 48 39105 2095 26661 9
12 1649 374 7 1564 47 12 1047 71
12 810 13 20 122 4627 18 1532 3926
26734 528 161 96 133 156 113 2096
148 2328 215 323 36 21627 243 9 196 795
21 21485 54 19 15
466 640 16157 9 104 178 1027 54 11400 6
12 2285 11 2238 163 36 13223 243 12 6104 9
4097 9 67 172 794 20 7 8 26849 5
1055 21447 5
23 21628 332 21629 9 21630 9 12 236 2621 4299
226 4 333 19 9 12 8 442 24 2400 1992
6453 1342 8 39106 26 48 2057 1234 9
11 10101 508
178 128 12195 9 178 1385 39107 9
26850 121 1828 7 454 43 161 75 13 5
19 64 124 18 101 3927 7395 392 13 9
1082 1096 118 1866 187 243 223 2739 39108 71
146 29 8713 22 3047 9 206 33 401
339 217 1299 4632 64 10087 1070 43 795 5
28 80 1090 148 22 110 8 10686 1514 9
673 16164 13 9 39109 9 379 10 2461 9
40 9 148 10 2624 24 138 4374 9550 9
4 106 28 820 21 1417 9 27 29 28 425 4 854
19 78 22 9 31 19 29 15
43 283 10660 21 59 8688 9
223 4 23 3131 6 8 3270 39110
363 84 162 319 111 5
10676 21631 420 21631 420 39111 19 5 83 24 21492
4 633 29 20 1572 9 2012 71 38 14 41 442
98 9 25 9066 1082 71 130 54 80 2819 18 1667 9
25 9089 110 13 14 9 4 23 221 4444 71
320 39112 34 8 26851 71 420 466 781 9 38 841
34 79 12 36 14516 5
25 323 96 246 31 6 12 246 13180 9
20 1857 14456 21 2382 9 356 19 4375 22 71
96 5221 10720 119 71 5765 9 36 4378 5
206 23 420 110 206 23 29 9 28 332 193 2817
148 38 732 9 4 132 652 10 6672 47 466 167 3635
178 1027 54 16201 9 178 39113 54 39114 9
4627 12 16127 9 310 43 19 9 1320 9056 6
4 2995 1342 186 381 18207 36 233 196 5
349 22 21573 8 18367 4903 5
16163 18 1417 5
111 9 67 323 595 119 5
18368 34 79 71 13 14 8693 10 926 2525 2565 114
49 11 1647 2081 1827 8 39115 6688
2696 7 101 6278 5
21 624 7705 148 4230 12 2238
36 233 21 217 21632 9 120 67 26852 9
12 134 13 36 2259 243 18 18369 2527 420
96 14543 19 612 101 14470 9 12 43 48 2096
19 343 178 21633 9 8 1299 101 21633 66 106 9
1404 9 1404 6 106 3047 9 96 567 247 29 9 26582 9
2963 5 96 24 29 662 13 196 9 12 4 234 7 1572 9
26642 9 4 133 156 161 369 11 1501 21 10 5223 5
12 9 120 19 128 22 9 110 4 94 19 31 9
12 4 5
148 178 640 6895 5 236 22 45 43 161 5
8 21634 9 4381 1088 12 9065 7 121 9
177 21 3584 9 12 177 24 26644 112 9
18 38 9095 110 1082 1096 48 16202 9
39116
31 29 3120 196 5
198 9 4 234 9 69 6471 71 1077 42 101 275 9 12 26853 5
39117 11 139 7403 9 1741 13 659 71
34 60 4232 11363
12 9 174 11 1389 9 4 84 29 36 6458
7688 2344 9 7 6274 1088 9 12 4 23 4171
690 21635 9 193 18370 9 39118 9 9543 12 11401 9
4 9 5765 15
356 64 26854 3445 20 26855
39119 10 563 119 71 38 85 9 21572 5
4 23 74 214 118 7 835 161 196 9 59 39120 71
12 1051 118 21636 7 1565 91 96 4308
83 14 11 3267 21 18366 9 236 121 618 13 71
8 6689 5 2345 9 26856 9096 74 175 195 9 1659 39121 9 26724 18 942 26857 9 1104 26 332 2799 18233 21 18371 9 12 2993 39122 26 332 3450 9 18345 21 18371 130 2904 18 332 1070 5 80 239 26858 6450 121 9 129 867 9 12 9 34 1857 2569 9 8 239 291 1077 11 2819 13254 136 121 275 9 34 356 8 283 1205 156 26859 39123 9 129 8 291 28 3200 8 13254 4303 8 264 7 8 283 179 291 9 206 11360 8 264 1106 18 332 2569 9 12 2570 8 13254 136 121 275 71 356 221 9 80 4303 8 264 13254 7 8 82 291 9 206 7706 11360 8 264 1106 71 34 356 9 110 13 172 148 4105 9 126 309 18 121 105 4714 21 14544 9 12 39124 42 121 1070 7 2344 71 12 25 18 332 1547 14486 9 7707 8 13254 43 153 5 8 462 4172
349 22 9 18372 5119 9
3977 5
27 9 20 101 819 9 420 315 13 9 466 9 315 13 9
4 31 29 78 120 13 36 13 130 41 5
20 356 8 26860 3870 40 14 241
25 21424 7 101 4302 1593 4 132 2082
2696 9 2696 5
8 39125 39126 9 146 8713 9
207 1082 8 4891 9 12 349 161 60 4 234 9
70 3974 19 40 320 3023 12 207 41 273 9
12 4 84 403 8 5366 43 10 5223 9
21 302 9 6479 9 39127 39128 9
3021 964 822 243 26861 9 28 39129 39130 9
12152 9 80 12186 6
4 320 39131 38 39132 3591 21 2990
28 10721 39133 4 8 220 2213 1827 9
41 9 10 59 1320 9 10 231 54 18 8 1622 5
2383
7 273 41 11402 1751 39134 18 8 44 420
1149 14 2866 243 71 27 83 24 118 44 5
356 7978 2167 1845 25 18265 14
8 14545 21 21637 1523 5
25 6124 12 18 314 6905 588 9
1055 8 249 588 1299 9 130 219 9097 9
8330 1317 15
98 8316 1082 1603 15 13 4715 29 43 38 308 5
2666 86 114 11 39135 12 7142 85 5
361 1827 19 5
27 9 6275 177 9 394 22 2287 1701 9
13255 28 4236 9 148 615 47 110 1371 9
162 1083 5
26862 8 1299 10 613 2800 39136 243 5
41 314 5483 110 19 9 120 22 19 376 5
27 9 349 22 9 14 1314 2528 5954 978 15
10 297 9 4 8714 113 1533 18 1532 280 71
862 21 11 1155 24 2486 71 67 54 8 10102 21
4 905 34 1814 2844 11 151 5
43 186 39137 18 10 732 9 10 12150 64
12 5119 243 49 39138 9 7998 6885 24 806 9
1389 5240 122 363 215 43 161 71 96 24 11 147
3919 39139 6 41 13256 134 126 4884 9
18216 122 10667 9 6885 9 39140 9 12 39141 5 4
20 18 10 3088 4 162 66 3639
31 19 43 7987 39142 243 10662 217 784 9
2616 21 39143 915 26 178 475 684 9 12
11 147 26859 684 9 2924 9 314 11 74 110 11 208 323
129 687 11 7999 9 226 101 13257 31 1847 5
12 7116 243 1080 247 5
126 727 22 20 10 2240 11 442 21 3129 71
20 233 64 39144 10 219 4451 9
18 178 39145 9 1381 19 107 9
126 24 111 9 27 11364 22 29 12142 121 7 19 5
3798 29 1740 25 16134 11 7687 5
20 11 5228 926
12 26 11 13258 7395 48 18373
2073 9 39146 9 39147 9 54 48 625 170 5
7 393 161 70 8 585 21 26863 71
385 1647 9 27 196 385 2158 9 84 4 1257 71
356 9 4 11354 19 9 361 11 14520 4444 420
26843 10 26864 9 10 3871 172 9076 5105 5
8 60 15
101 11357 14 11 4037 53 5
19 816 11 193 1193 53 640 20 60 24 1521 11371 5
223 1212 1532 4310 12 1532 39148 2237
43 314 265 457 21 2311 12 3161
8 9578 21 247 14 1814 39149 53 640 5
18 2021 18374 12 13259 196 5484 6
110 18270 21 13260 31 21 39150 6
1532 3335 11385 107 6
356 67 118 3307 20 223 8 3197 21 348 6
327 596 332 12181 9 236 153 29 1257 11 904 5
121 3163 9 121 2716 3163 9 121 1784 9 121
18258 291 314 1397 133 13261 38 158 12
12 1612 13 7 8 12196 5
10 2082 16193 863 71 39151 10 476 9
28 911 4 167 8 158 226 1572 5
11355 9 112 2959 8 3640 2073 18375 9
6450 1572 71 3735 9 4 234 5
147 59 9 10 1320 5
27 14 83 186 15
149 9 45 71 4 84 585 26865 34 178 806
8 4228 26866 21 101 9553 9 356 5224
12 9077 8 16203 18221 70 178 26867 15
5228 178 3088 12 39152 21 4801 5
3451 243 25 39153 1055 101 10704 9 420
5225 39154 6 41 9 4 132 41 5225 39155 20 161 71
12 40 12 129 122 39156 1388 39157 243 160
120 29 39158 1055 247 9 98 163 29 67
1157 29 1827 8 1106 21 101 56 9
9066 1082 10662 21435 15
1404 9 3276 6 8687 6276 5
20 153 48 729 9 356 26868 25 26869
60 24 1532 3736 6
6451 21558
28 20 8 1309 24 128 14 8 21463 26870 5
12 6282 22 43 8 39159 39160 5
21638 12 21441 16204 9 1299 4632 24 1088 9
27 38 101 18376 9 3974 4 78 19 128 9
93 31 41 118 5
39161 5765 9
43 13 12 1353 13 33 8 1088 21 601 1234 5 4
7 10683 39162
28 93 43 113 16157 31 10 1042 9
43 186 39163 564 130 171 1261 5
314 110 4 128 9 12 19 9 7689 8 711 9
43 9548 8000 243 18 1523 9 7 8 21639 585 5
379 1572 5 394 22 1532 732 5
8 1096 21 217 26750 14 1647 9
11 7418 21 8 1299 24 9 206 14 39164 9 39165
4 528 19 9 1474 9 80 172 39166 43 789 9
12 8 84 26871 28 14 39167
112 9 4165 1320 71 60 14 1532 84 43 121 15
27 13207 133 4 21640 5
644 9 39168 1082 3920 15 236 22 106 8 741 5
12 196 8 18287 2774 9 206 3798 11 1551
20 356 290 9 8 8339 21641 9 31
12 120 6882 567 93 664 20 178 795 9
705 926 9 19 23 1521 22 215 12 978 9
205 178 7 8 21642 9 25 178 39169
236 247 43 633 2866 178 193 26872 5
4 84 29 3120 9 1380 101 10704 4902 5
60 9 18 217 222 15
13 196 2565 780 41 1539 1751 1858 41 6899 5
236 39170 9071 36 1532 18377 9
54 19 11 5361 15
12 9 10692 4 33 832 12 39171 226 9
104 6 198 6
12 323 653 314 1167 4898 110 365 15
38 851 320 4 273 19 9 6275 2012 5
6473
1954 19 9 1474 6
7 36 118 2739 9 110 323 36 5 19 54 72 5
28 24 8 311 5
38 26749 9 18 8 11395 21 39172 9
27 94 121 5781 21 21527 625 2669 243 9
1011 22 6
356 96 2565 1521 20 5367 26873 9
1082 565 223 186 612 9 404 6882 532 1427 71
26627 24 128 9 28 133 29 236 161 39173 9
1751 26 8 14502 3162 9 8 2110 9 12 16205 9
110 148 101 5241 9 1648 9 48 265 457 9
4803 8 5480 21 8 39174 16206 9 420
745 19 376 43 39175 39176
1500 8322 24 33 148 6885 5 96 26828 8 1896
563 14 71 98 394 161 2382 374 12 4097 161 7
12 196 9 104 2550 39177 70 1845 9 420
19 23 535 22 234 9 91 4 66 1124 70 10722 9
12 255 8 5947 21643 91 80 12186 243 5
4 84 5120 4304 5 394 22 11 1985 20 38 9
4 78 217 1155 16107 111 9
28 4 10715 101 39178 5
11 26874 9 4 23 21644 7 39179 7 1077 8
12 172 4 186 214 27 60 4 65 9
1077 101 39180 5
98 9 25 4 234 5
39181 21 4099 6
6102 3308 47 5
148 8 13262 11366 12 39182 1978
1211 21 18310 9 28 19 84 29 26755 70 22
28 19 9 178 297 9 54 18 9 12 5236 22 4299 420
19 162 535 21 6
